0
0
21
21
21
21
22
22
22
22
22
86
106
159
159
159
159
277
307
372
381
505
505
505
629
629
629
629
629
629
725
725
725
842
902
902
971
1032
1123
1190
1190
1216
1216
1216
1295
1352
1352
1371
1371
1371
1456
1456
1572
1644
1644
1644
1677
1785
1785
1805
1908
1931
1931
1985
1985
1985
1985
1985
2006
2023
2044
2044
2087
2087
2087
2210
2210
2210
2210
2210
2210
2210
2269
2300
2344
2344
2360
2437
2521
2521
2619
2619
2619
2619
2619
2725
2725
2725
2785
2785
2785
2867
2867
2867
2867
2867
2962
2962
3059
3059
3124
3136
3136
3260
3303
3303
3403
3462
3536
3536
3538
3538
3654
3654
3654
3755
3829
3956
3969
3969
4075
4075
4075
4141
4141
4141
4141
4149
4149
4232
4232
4232
4327
4327
4391
4391
4391
4391
4391
4405
4497
4497
4497
4497
4497
4598
4652
4652
4652
4719
4839
4918
4926
5007
5007
5007
5029
5029
5029
5029
5029
5029
5122
5174
5293
5293
5293
5352
5417
5417
5491
5491
5565
5570
5680
5680
5786
5786
5786
5864
5864
5955
5955
5955
5955
6001
6001
6001
6001
6093
6185
6185
6197
6197
6197
6197
6283
6404
6404
6404
6404
6413
6465
6536
6550
6550
6607
6727
6797
6825
6825
6870
6989
7089
7118
7154
7154
7154
7154
7222
7248
7315
7315
7354
7354
7354
7354
7436
7436
7542
7542
7542
7658
7688
7755
7755
7755
7879
7879
7886
7886
7886
7938
7954
7992
8073
8125
8125
8141
8169
8169
8211
8306
8306
8387
8479
8556
8556
8556
8632
8735
8735
8807
8807
8807
8807
8900
9018
9026
9114
9239
9239
9265
9265
9265
9330
9333
9333
9333
9352
9353
9353
9415
9512
9512
9512
9512
9525
9525
9632
9722
9722
9725
9725
9725
9725
9771
9814
9862
9917
9917
9917
9917
9917
10012
10012
10012
10111
10221
10221
10339
10451
10451
10451
10451
10451
10519
10519
10519
10519
10519
10519
10519
10519
10519
10519
10519
10519
10519
10519
10520
10584
10584
10584
10584
10584
10682
10682
10768
10768
10768
10768
10833
10939
10939
10957
10957
10957
10957
10957
10957
10957
10957
11045
11045
11094
11094
11171
11171
11171
11222
11222
11222
11222
11222
11222
11222
11279
11279
11296
11306
11334
11334
11409
11409
11505
11598
11598
11635
11635
11666
11666
11666
11666
11685
11730
11730
11730
11852
11852
11852
11852
11852
11852
11969
11969
12048
12096
12096
12096
12162
12162
12162
12194
12264
12382
12382
12382
12382
12382
12382
12407
12504
12560
12560
12676
12778
12778
12891
12891
12891
12911
12911
13030
13030
13034
13080
13080
13132
13163
13163
13281
13307
13307
13307
13403
13441
13464
13468
13500
13500
13500
13557
13587
13587
13595
13595
13663
13663
13667
13704
13788
13813
13813
13813
13813
13813
13813
13813
13813
13838
13938
14036
14087
14106
14106
14106
14163
14180
14180
14269
14269
14331
14331
14331
14360
14360
14360
14457
14545
14545
14545
14545
14545
14603
14723
14807
14807
14922
14922
14922
14922
15014
15078
15078
15190
15247
15331
15331
15405
15405
15408
15433
15476
15476
15482
15554
15603
15603
15603
15603
15613
15661
15714
15714
15820
15820
15820
15911
15944
15944
16001
16001
16082
16203
16312
16312
16312
16312
16419
16419
16419
16529
16551
16551
16555
16583
16616
16669
16669
16669
16669
16669
16669
16669
16753
16853
16853
16934
16934
16934
17004
17004
17116
17116
17230
17230
17319
17355
17355
17355
17388
17465
17515
17570
17608
17662
17745
17816
17923
17923
17940
17981
17981
17993
18021
18021
18133
18133
18204
18252
18252
18252
18293
18293
18330
18330
18330
18456
18456
18565
18631
18631
18631
18747
18772
18772
18772
18880
18919
18940
19038
19094
19156
19160
19228
19318
19318
19318
19342
19408
19408
19408
19408
19423
19423
19423
19423
19510
19624
19730
19730
19730
19806
19932
19972
20073
20167
20167
20167
20167
20167
20218
20218
20255
20310
20312
20312
20362
20362
20362
20478
20478
20527
20594
20594
20594
20650
20736
20754
20754
20754
20754
20849
20862
20947
20947
21061
21061
21151
21218
21275
21340
21459
21459
21562
21562
21562
21562
21562
21562
21689
21773
21851
21851
21851
21851
21959
21959
22040
22166
22288
22306
22391
22391
22422
22422
22519
22519
22614
22614
22614
22614
22614
22689
22689
22788
22788
22788
22862
22862
22921
22921
22968
22968
23091
23091
23091
23091
23091
23091
23192
23209
23209
23209
23209
23215
23317
23393
23393
23393
23400
23508
23601
23604
23604
23604
23707
23707
23826
23826
23826
23826
23949
23949
24010
24010
24010
24010
24010
24035
24035
24102
24144
24270
24270
24291
24291
24391
24488
24516
24557
24661
24661
24661
24769
24833
24949
24949
24949
24949
24949
25074
25074
25074
25130
25130
25130
25130
25130
25130
25130
25182
25205
25205
25205
25226
25245
25300
25421
25538
25622
25622
25622
25622
25662
25735
25763
25763
25791
25805
25805
25805
25805
25843
25843
25843
25845
25845
25971
25971
26078
26160
26160
26160
26240
26240
26240
26339
26339
26355
26355
26372
26372
26372
26372
26372
26372
26382
26501
26529
26553
26553
26553
26553
26591
26685
26788
26828
26828
26828
26828
26925
26981
26981
26981
26981
27012
27135
27135
27135
27135
27135
27135
27197
27319
27319
27344
27465
27465
27465
27465
27465
27465
27547
27547
27547
27547
27555
27555
27555
27555
27555
27562
27600
27663
27663
27663
27757
27858
27858
27917
27917
28010
28050
28097
28097
28100
28172
28253
28253
28253
28253
28253
28357
28414
28414
28444
28444
28444
28444
28444
28568
28568
28568
28568
28568
28568
28648
28711
28711
28711
28833
28833
28904
28904
28910
28940
28940
29018
29129
29129
29168
29254
29370
29370
29370
29370
29370
29490
29490
29490
29498
29502
29578
29578
29578
29622
29653
29653
29760
29766
29766
29766
29766
29804
29804
29804
29873
29919
29969
29969
29969
30058
30068
30116
30116
30116
30158
30158
30176
30176
30241
30267
30267
30267
30267
30359
30359
30359
30441
30478
30478
30528
30539
30539
30627
30627
30627
30627
30627
30627
30709
30834
30877
30969
30969
30989
30989
30989
30989
30997
30997
30997
31031
31096
31218
31218
31218
31270
