988039581 -4940197865
1878189533 -9390947625
2021321758 -10106608750
1433394622 -7166973070
955675578 -4778377850
1796974809 -8984874005
458291722 -2291458570
1457862116 -7289310540
460728583 -2303642875
1825022626 -9125113090
1939822280 -9699111360
2133922633 -10669613125
410628125 -2053140585
183467582 -917337870
276353726 -1381768590
2059109367 -10295546795
928065229 -4640326105
246859903 -1234299475
171078695 -855393435
1004410954 -5022054730
230533650 -1152668210
1211011717 -6055058545
1106308860 -5531544260
372911869 -1864559305
358566789 -1792833905
1882964706 -9414823490
400100808 -2000504000
602147791 -3010738915
154441980 -772209860
2090354179 -10451770855
853508969 -4267544805
1142481552 -5712407720
1821060056 -9105300240
727347070 -3636735310
428392517 -2141962545
629251977 -3146259845
376838222 -1884191070
886684230 -4433421110
2087114084 -10435570380
837566796 -4187833940
564223200 -2821115960
1879452707 -9397263495
824005773 -4120028825
974851316 -4874256540
2062920280 -10314601360
1100359490 -5501797410
886477027 -4432385095
843501852 -4217509220
1347219384 -6736096880
1057555713 -5287778525
1847912798 -9239563950
1577753025 -7888765085
121083773 -605418825
806738001 -4033689965
1950664886 -9753324390
479650554 -2398252730
542219050 -2711095210
203282037 -1016410145
1081798336 -5408991640
696661021 -3483305065
146152560 -730762760
1935307296 -9676536440
1839142564 -9195712780
1967212607 -9836062995
515170709 -2575853505
120051425 -600257085
448980927 -2244904595
892008923 -4460044575
1006735646 -5033678190
388611354 -1943056730
1729575710 -8647878510
1570958837 -7854794145
120580404 -602901980
406097826 -2030489090
398326497 -1991632445
36017028 -180085100
1506457308 -7532286500
1284803515 -6424017535
879518871 -4397594315
706193035 -3530965135
194875571 -974377815
579948012 -2899740020
136462404 -682311980
315959336 -1579796640
1386686005 -6933429985
2087127281 -10435636365
795609881 -3978049365
1928905046 -9644525190
142925661 -714628265
1877408208 -9387041000
478082411 -2390412015
289078212 -1445391020
1665231847 -8326159195
169741318 -848706550
108807162 -544035770
32918899 -164594455
289792734 -1448963630
557788080 -2788940360
924927813 -4624639025
1296528372 -6482641820
