988039581 4940197860
1878189533 9390947620
2021321758 10106608745
1433394622 7166973065
955675578 4778377845
1796974809 8984874000
458291722 2291458565
1457862116 7289310535
460728583 2303642870
1825022626 9125113085
1939822280 9699111355
2133922633 10669613120
410628125 2053140580
183467582 917337865
276353726 1381768585
2059109367 10295546790
928065229 4640326100
246859903 1234299470
171078695 855393430
1004410954 5022054725
230533650 1152668205
1211011717 6055058540
1106308860 5531544255
372911869 1864559300
358566789 1792833900
1882964706 9414823485
400100808 2000503995
602147791 3010738910
154441980 772209855
2090354179 10451770850
853508969 4267544800
1142481552 5712407715
1821060056 9105300235
727347070 3636735305
428392517 2141962540
629251977 3146259840
376838222 1884191065
886684230 4433421105
2087114084 10435570375
837566796 4187833935
564223200 2821115955
1879452707 9397263490
824005773 4120028820
974851316 4874256535
2062920280 10314601355
1100359490 5501797405
886477027 4432385090
843501852 4217509215
1347219384 6736096875
1057555713 5287778520
1847912798 9239563945
1577753025 7888765080
121083773 605418820
806738001 4033689960
1950664886 9753324385
479650554 2398252725
542219050 2711095205
203282037 1016410140
1081798336 5408991635
696661021 3483305060
146152560 730762755
1935307296 9676536435
1839142564 9195712775
1967212607 9836062990
515170709 2575853500
120051425 600257080
448980927 2244904590
892008923 4460044570
1006735646 5033678185
388611354 1943056725
1729575710 8647878505
1570958837 7854794140
120580404 602901975
406097826 2030489085
398326497 1991632440
36017028 180085095
1506457308 7532286495
1284803515 6424017530
879518871 4397594310
706193035 3530965130
194875571 974377810
579948012 2899740015
136462404 682311975
315959336 1579796635
1386686005 6933429980
2087127281 10435636360
795609881 3978049360
1928905046 9644525185
142925661 714628260
1877408208 9387040995
478082411 2390412010
289078212 1445391015
1665231847 8326159190
169741318 848706545
108807162 544035765
32918899 164594450
289792734 1448963625
557788080 2788940355
924927813 4624639020
1296528372 6482641815
