137942173696308617
20439265725105414
21019686591955821
191283042233421879
1494682676935060
6647844010553006
6452140820134954
929641762487948
21353298859384534
22282471365573923
86543300870065823
4478994475565238
62788465336078283
12231819970423859
88354733425339128
4295483053650385
12744601931170117
27979772924461206
18990762026622862
21315843097111042
91145272428079665
4150468879895229
32143387987164777
79228207277091052
4994997603389817
47185153944741028
804213780093149
3336272097335846
65804765816849578
79833629081524452
7493711431150175
47759198355750
18665501987943154
4226722656690283
38850622034577274
99334363475926
52132438324698360
943432611202102
64472227326674926
89661356205180897
118670497504682129
27587106423629024
61542610688156
2218064835840811
17757479256013247
55700001471504376
56440565115083529
64425377503714600
11968353232894352
481973902230876
14945494446068050
4790850136085117
17050235601124031
3307589678098913
4934494340234815
114719415928643709
33548633183880137
45823371490099089
77803600932003629
14229050843056979
73551177241512504
28347730150355643
866445066710236
21254370836964747
50091450517846385
3360737535824856
1894239446798508
7288301410774881
938834857923104
27507003610246151
14567627404146619
5090804077730004
6069004005535314
12017454766500817
13530590873959560
31434077206794362
70905386395068169
1819910857773901
29478142095167739
118424025186675347
11879034001749938
10704278604708868
31412211497244329
26962333686910701
47312989399327393
2747964240390793
8438504342637218
58366169971291816
14446675975444282
6251637101658385
1344660044060443
22128305022353761
6230750372735249
10204525488118111
88181583532425948
31824134880760218
24921875017928582
17392294667359331
5083379282623700
21121983873791747
43369170289458097
12280121266841265
41801397415407931
99609430354785346
18197113771952846
28690931048431485
5371058100161956
91289969465764
18317254492258665
43143444953270200
7697033963174735
32633834067465657
1251434031043485
89357900996079220
24581288901066673
4803159719102483
420844663635500
23512369473671412
11810417083025682
34621385557435379
47017477379842260
57830118267754379
14858253816092043
22961358147991447
173092161463213229
22123715385208206
156297030851287692
8236632191237940
63679427544552238
10098135401949543
56909457516809151
4280603625823503
60571557582521563
3246976508931219
108710320895374677
6007895461533413
39188318054906716
1633222491407870
5309933349662630
14589697345460573
11748078061024207
45384962577462645
91121658769615578
98772827766654997
25357877653007521
62073703785713884
2407988547577407
10290230417959299
27247912522867245
25288094038105701
22914663656100755
7303271163391588
94091628633532338
85269300828644920
2085245828307150
4488565587825388
45680765623025522
10899077497582660
46590803520564670
61758808437931173
12923001432460782
30511959708329966
47868699564320577
34610293948193782
48778089584965178
31633434054315074
69393054773370709
1942634235755300
4779923686471777
1498285438833913
296304117199127
64816834757971862
8944621320008274
6076151216713024
106008219167302174
37183830631336614
8056709984164577
120291547224233766
110747353568186871
15796941111957205
25097946259335210
35779778745674023
9682673534055867
195606920861644086
67550155793753625
28958128210837433
48299776768424216
4970530916466415
1598429948219348
38858767828117230
34981213116244975
22970076971067014
33426153600427366
4825276067508163
112480119725923301
2924108173774879
59311175170044961
992613977672473
43153978825861231
24913463140825955
74270985342176177
16520788402376592
112727070007853195
5176281996152662
679175215921461
18814234912933903
4063228091408329
67482835389532731
48788814553259434
13074001455022551
60367473090703148
5440206807371723
163588734980140085
707940463912480
8806264545778683
11014981660883478
20184834232920473
12009347172154054
3370454986265274
30357287524597114
9430210679588142
13784468855506536
33219265167779
53521013750323374
194887375522771
11143396124296308
55816593879777315
13405695717205915
100775717102970343
16431694301109961
4858298565322689
53063919387605957
52738441493755356
47603009861716319
76267761058118659
52433964042034967
47739054256400632
26716512437970893
74501149396276553
110884131565401279
544537458964108
10237299513895855
14352468932858054
18290785643941519
10460578743391293
14158703413366271
11881432319163506
41676721255472767
37317392702628220
89088231299701872
698152322442149
2855054779439576
21948292656022538
39653182367517148
121244747050166052
70277613760731150
130815428327548167
36448287114652213
9867511775292513
56661415497390986
67728126212351672
34211567962264575
2483536365563541
2272013703978255
2999322571831229
76114187531022190
18681923251143460
63421569994279391
18598433261729235
8541735153377129
73115358486261176
31472864652129264
25339229079716881
18672634238822150
33897923042939181
4265153691011886
589662237087071
907757540964328
65888599467891857
14119491601956686
19612069718985846
2157904028952232
2357902909446350
19822773848256450
10795742845108937
29190984993744244
53950280806432
17957205547282820
100823286837681336
7026611116369393
122866571078686812
144537436189132717
17151994175113078
48662312446758504
61743286012831107
16405698476662855
1672056494734020
54700367744870249
93633436478221110
13276685928244966
72919662998582672
18656346111936341
3271270096523402
2477894614892516
28257615115666941
79156431385671102
43505954956115096
17301954728410607
64469824986618225
70411875021245271
41418672021273639
58980005954673336
19120725708555051
13614477666907606
11514673582810056
44246982197691047
44984643197084495
20488491229436248
65924949161584658
85396514864571967
1477026691748687
146094155667132963
8651778110016366
67576877888623170
6719231872491880
45581536587883847
100283635993985270
45607227393210391
45216234288969773
8251008020134252
22618828915298163
23470880358549878
17076573912869608
829073462804793
6050177862235983
11033384402861705
181736622847174693
19394085730037622
11823750316505506
104501258097817898
76949689403601996
102954926709676809
88871489989492477
43921107188400216
35687970091305628
24216636952131137
22385965616729831
10179094519526961
108993249492111641
86853180588789100
23057429855633811
19386367466319667
77130350176642952
84115002447266395
4785341600667987
7392469166914269
104775351556789123
86431963231439497
12095557126331908
37378262412066801
36447390473105381
34075960285778682
81029552581217122
20393981545824384
14352326119826851
5375279026075377
84862756119106855
15339617392072056
5052265869459666
27032005190588105
42614839442980731
52017299476354926
7432614427788714
48528553305216684
5347484203545726
62983899029448563
24687878544503711
11274997011267981
47894792341871410
33716842599160624
4707209308564119
3525628049930
59471821879896362
101820809110212886
10437080924500342
40529876253164263
21305916971494889
11523153819810232
55027554914301609
20395421090742171
3131512040778922
70814194098443113
11051708749575131
50765765088954223
81096774407801381
33068305656182576
157238158747997170
84946665298159141
26139118215022643
13440900365156778
15395304963466579
5333532830097837
1512590110815501
92191062911689154
201809739362703
152227269595244801
10606889803733776
85036347176875813
66517199514826068
1332605226311899
69107524352538477
1744714584724471
42401634797383233
72182711190994051
100079491696250438
26243140385162531
17452548593705742
32173463186757597
516630616683505
16923587750501855
31206654653393027
12549327959195482
45811691751027722
10111607234654150
2779258516095117
21222089444505579
1575846298172393
109419654471746498
10193662130255751
24668163377024439
31378562863776968
33149526162748600
38344488496922012
4679863224254834
24729628981566835
46988742836162278
28984018187018473
14260928242448943
14553103227378205
23774726247726175
31744854580844334
159292979379347308
4906045996057846
112342886041412563
3303894466748147
21558134702469210
50422764631886410
6758926227656960
64942515393725760
23076578854688759
13056283615347196
63050710713929133
271955044234312
71434463104363953
2158462044464630
26483244961759184
47468328958248254
21207845103120147
40955969196552010
22732321682183638
109811022520999913
65051575232291813
6003210348089167
4947272083964490
2785347463572553
11744810912677013
39041657226291933
17947934027150538
26672406058729478
2949675518919
87111295935849078
85321570718574755
21214304893999105
12384298753286935
3951024480763243
61860827122471007
46148733630695747
6182080286069371
56035822998794301
9700827138179727
119056590676293619
80829222055065754
171443284460209325
103394681861406139
52721112919265842
64199668225833514
50258554050618960
126405410129478504
132774611892335484
11442334207214020
2456407812745702
3199736894391778
2249385985759745
1580829422737948
23137832886506654
3277739948755016
84503050047720712
27323023248640142
92363633760216799
26944293335701122
63703573453264255
9418714789498133
5832428639219355
11814929130294728
29889951237361212
159974462083837770
1272903109245719
66675101973994668
47796735561927680
96417039870489303
93463486912755408
9318955801243041
100771576710767185
122546690363291195
212652013625136
61682543383053919
75849419238654247
28255545694493144
2646312854492427
4760834841077597
16629064892109408
2187646030183566
1818803504611674
11731745976336853
11067035278608910
753196090816409
100962022332913347
13590644819973557
8621449127358069
6082434440083411
26374304680715601
39289076613476606
80218099053336012
13170485051108779
143230728177159403
38608642743564864
25306946441292949
25827488626912633
46414221545965865
14654948985559647
16211913480189537
51517674256499270
2492929266737652
29921822252971564
36287392433874862
1262572711129368
59798443815319292
29548744601919335
63360771785708985
20819481413796003
15293728994277049
22317608332066533
23443876545444717
119656506355391072
49422098002668984
38922803158543459
9111262760240306
27204397022045175
9578043632811137
14330929954272177
1282553749189201
3806005143746829
17580220374187766
63812081503459685
5278767254327144
80214564093201165
1028973212117800
59018117686762166
4758174627588205
125982840314688923
6554666429856419
101530912940873942
11016306102081781
2681584261910638
25304107423213717
141512319681499409
18640107157966103
13239543741490543
23523095506314079
12852760204754148
2314572462055416
9875560187534984
54662129893612567
4389904176913589
115550539575307781
12417595983727662
20917727077498922
8729496672885606
31320087779374793
80910698363766550
43497267967111048
11397223681767599
38467621621348776
85976688022732242
30167356938711525
8490475225582914
25613600940254970
3276077953165534
31986771412106705
47301414334421205
7719800683037593
134841575388427898
45119581324795085
20770794892020898
1760849152671971
5765861378959307
17092074330960513
47312480680608471
13649253430667990
22427941346615623
50856527456249442
4744439634685629
76189248039795640
5175228762779032
13605526277212006
9683400758011624
100901508380339087
2235648415294815
10620252289767295
87953764205288019
44134358258940467
42925352519526
51455498075979424
7968340323844272
13049294997441230
36503894627058281
22868394222774456
65160468264945285
16575934424214697
2137273213224649
29916127366203019
76959575718732629
35950628450352528
37766225236724551
52803492718698424
11799790438603228
5597741205685716
92278211278136643
224054567359893
59282794549682089
89856926381276663
32295987677797160
3492983455916535
39956200146956047
75249693549814056
3779889468720224
46888645836679989
69301557698819691
3915787000863796
361206980737383
13446006517864971
39363870500309126
43520778960181969
78385130810784457
19963604648170402
21225382959050042
636792910123814
26609965081442669
59413883829161680
1579460638836257
12317156168494515
27782269045144605
85103076329557447
693604851335287
11292469195226777
63883903094955290
97055734278044214
26692050423764363
30904594176013893
47881285304468731
1454772884065525
32448060794354737
69603063487772846
58408824677769924
51047004788382
77842971030153173
31342525783688029
6648008773902225
64115753755827965
18081298892502761
2677679450626415
11896090614923601
58270383167468769
115049123542830217
89419587767872547
12588694899737555
4954385587303428
39202584334473074
33547598140822267
115036791916222844
43660568151685913
76576160122208571
80194072143617047
13397181657685607
5547210199013419
7121479603180967
4098006371074178
12588350022369181
57690298289879086
1896223260283401
117510794841416281
498399984309838
5400698352967459
46401231203563826
51356551284967864
67194782773050007
70340329601404118
55838025328499664
902605078262227
54369555394766662
154948961941638
39374857232747434
19769170168730847
23738202604712052
19271902159924887
6840349924120247
76744501848758026
207949314835591
7614473786118397
45157222496728572
1147747053834543
89118624457122544
23509473872422517
17587497934453365
31525021230665624
2717969824581997
861641976147780
9576794353563321
16818570699661059
54586796123428773
4668923778958928
9001068724849947
63795605256268960
225195202447140
40169156054694804
38218316418185439
105377378631908842
164463746194318140
58192389376531104
11412045098780414
62946836970680404
18394343929978829
1678076717267873
29257707377571575
29216612357082697
136794800344409253
30311935836316313
22564505766710120
23297682263616738
33549129201693195
35324829918829164
95536460235561735
1961356719457363
7757793565713205
120236877065993706
81203844170285056
36254734583606507
79658975055837775
52199436481265207
72083218501119
47839124270117936
15685260382913134
6738562818709366
92264384253240095
10855786864529787
18511646218908462
71304251676903823
8139831539279370
19111656723057338
53439929832670778
8854834664653108
126877342048956446
59836939155084010
44333592734295720
171050121479448595
7814772196041951
3395749050696018
33362440029646482
42542610324512659
46723272756802100
11192887216512838
29542527019710341
110946358517923874
28174863829509388
4773342571718437
3506486241122099
45906561340119067
44233097471186290
11444216408847136
47983638545225671
120161999758391071
62630319694967698
27926690781260982
13056468816053838
596287180898790
81765484636927035
23955597337003083
14940047645403928
20540112001815124
31447735689271608
139987505759765922
138329112059401683
4289959388985672
6801347287673647
10827174935686923
2697892783568994
86810097800498609
1607078230643782
60015679212809054
17114187615643909
125150147665662387
39341179996284116
914624355317222
7125141794017186
23255172482233307
40242615123084355
29597124648585048
122135587790992659
71964589616150268
20262126571313801
5134792831296576
6303350226132402
82411272443356416
28108709802038532
1268637674548797
116582839723137
29896856099829172
3174755707193398
9197195553591978
2605648623107432
74645942908919736
32309226623122659
152308176685202
5885904857410819
30256765711501492
53414519130604542
3788832031916165
40918618606850561
32736167155499567
28488724769984838
28762977643447446
29622457621923803
46510677985219469
39878856675730370
121435397181136287
88301266156311445
61410917347020141
7460866354318533
89557397074147730
11284068768014127
45915911658002720
1454477234752310
2348991863407137
326023069642338
3224444017291346
84664264589306644
18306852211874800
260156147330051
124487901051363084
172922596897223417
48675017690628862
49739783467716552
25737597809055616
39939766530484576
39714060019524079
40267858734640506
42317080394333640
1414956806423951
64803763965926477
3881689820381243
886015410414457
2867192864254815
14169896505837684
43606893125085009
4495604065661247
65049800300226188
3235530901668878
47531001509413922
38649323473373827
28061475058758043
16964226796396426
48948407038201200
1364586035929187
44385478008387026
150004802489800
1055165782932267
13278933447013743
101151722176397241
49219229334726026
167793412813806523
1014801946050547
2037014227078622
53659382955055586
21334047473204833
99839771359393449
17175718491937929
67760907227148367
20837839628653391
38604587141625355
38859740347994270
16429637194229760
4192858366342674
164862876659626088
1559406844958396
18550664433261572
54874319611782428
14715391003702033
33137774674172543
596014375981796
6264902137401495
2557594441108462
3744801563169281
25558000783626800
28622071320057196
93937210964449077
89192815891259288
33546278815055825
5399204007903307
67766493135055770
51755689937909501
47263723613445440
11299443042356876
55221330492155586
48472933105532219
8139030616501227
648763097763272
27841650555566546
4373670980066203
4927324299138910
4796295680881789
3783363209613489
93682494287785218
98003632945435683
95457607936596709
42396188837820674
141414029431934787
10644369185643348
84928548985210570
29808612768466769
18800702696461893
6885783970080536
531740059517794
45892078972480602
110878479878742711
24485901866297642
28244509935652892
54732608716242741
52876606157053496
5047249203330676
5543749470187637
68529067863525914
31576544916826596
15431904718519862
37465261409156163
34204129439358406
141823540469690085
44672497536027523
89269168693416791
514583646258318
2397312913427702
111436072553785235
17335791029350046
80926762863653946
9193359148880762
52700498869724633
40844259016344378
127948545105370880
120858922962898057
17096283897995636
53031417610934964
9560682919792354
112528334256185818
31622816112601007
14751409309343604
2194418888845022
23181126453766320
30998148823163215
4297026551053496
58633797310132665
17750261390600868
21484417633381901
11156417915312412
4079476760034425
272967827277597
19071741244372327
36371587454536798
55018926619780509
25308561552084381
9387975657976240
116233750771372
20967894540552973
61092342524720215
20022320370473123
8934973367927749
47205528773455713
5003134414981661
7020080211845890
55699999432244766
13573661022788667
72543626720121457
882843101651944
10611176894571832
22067221368102572
59432762332870329
15479723716794356
25725831922391001
51600274611879992
25440021092622402
37483207923408917
3381431612600292
110142674153740204
73585225852262552
9095508102431282
34956034228620461
42777454653051227
5240929692588369
6466234108301960
10520050415501123
75686337417893048
6389295425010818
28411022924531377
1598908756041537
22233816396697420
13085875271095196
14701172121480417
25775263052897421
59975302795824976
82758673688595239
97314182847498217
17552452200448431
8887457013121452
102578376800515015
21661107748155796
44525513608188572
44407237044111300
3707414039769515
31663186103463831
7601875611831859
102228575528638170
114779734642745651
10425642388423685
12116004455759491
66666056190287340
8353200486823410
76331870875095164
30027181927136584
55612692673930110
4835902485696660
3719198458592101
815966662886840
7078591721308053
101083705649326141
98465880006290
32455827694720654
11411575467998421
15195851003958551
39672756254370841
2142750849877408
92150867595099070
6241934898134233
3452422381747178
107961113216060097
51067711873444393
77545417320409790
82712296596879503
1782979410200238
15952391377828431
86725676574852255
10907227807880209
6112093034528664
3113872002145221
26076224845031975
5024660323473306
28611585186259562
90348261925961636
2292038781920604
134975530271194962
11088216098206796
47919874278385882
42218918273472346
47321889633415048
6134327169638285
40836205520611609
27927726631586519
356185052882957
8679233336262162
982337756890206
32339767752498415
37065433772857178
26040777726905244
22524593620323487
58985771492995343
119256266495270531
4077037489585719
7923154913053404
21726894356132770
107650331589785453
13850807678944822
318081345427199
58427501391214060
4191580305083987
98918206122408128
12229482998429904
27325963903499234
1174342590435900
64423791758624400
2228152200809224
8453563527271729
108787950912449685
6354830554896447
33625488269113119
61456197128635082
3209102390494237
71854328248190002
8307673075035098
14683961286650211
112833228539723084
10706957913101363
8304822167832444
5245530417517191
109032295427410585
9536815339147993
39675154708983689
19320155832561706
80399001336372311
6460280481485474
1963341583054438
33762909105567849
29089110337010172
10863504699449300
149727154683629424
59945265684652392
45914953489951770
4092650401355205
35424712473601600
10094073343487516
147325863401640698
37311499282781863
41238698519786381
1922231886990682
22586278317175441
47113361894470843
78571504831748
18869076870198018
9304137042192315
331323475249050
73517377915030467
53588969395603571
38379124565886757
11649715609316739
3302053404491859
58268542931489309
29575071870398750
2207773922892844
18386500118995137
99762638981886379
69675698175412189
91462844873155490
16744078170901584
2460283387921745
5356787733774196
6813580192872828
185261311316791707
61396225840619701
98786053737535300
11137508049393722
4955108558521645
17587955757106397
124891316233265884
7839246891256396
6817798672628211
102244480643215042
18778276055113304
139954172455029424
14533947796141069
3465298968280556
6273011075230593
10789319174153790
16138742979702212
12972500220780809
112521903321998756
98542885721953145
55731770663640399
8668718676902230
32831735113780731
46959915304415297
33693694012631645
58256572683903795
63729598581874836
101951278697070418
12865681290268896
38289539681083259
21109146030668886
12513069355926664
8166936630843498
18869761283956353
27287788758130160
21354994259720510
8826142814962560
74418567241846797
43277740771125994
71859474503743568
12159678070129411
164474405036705556
10508806211328163
142177587943752852
78210642747249586
49160385377652448
10572630060739001
97928051653617
59926336116401313
17873764294053817
40020877533696036
33129266349895502
2115705205679961
11955174322552840
77140661390853428
10435105810678478
12473962805512139
169205839639580
34251436142308723
85316817999878551
19173091721777719
41440523729125018
20839894929460447
21953450552857311
470299326364884
945893058488254
24982976353718456
14489954325963013
22749559590879027
129232632041241
196670964456791
30282607024228870
5069621870631294
3826790776187472
49043323010500230
51969751634995617
81142040492252109
23791220603704012
3316381277868683
9640302347377541
36617953362333817
27606080356262956
40599095444553086
32305210905934927
12898152713322012
7665707544966625
37022387168279707
144402167739127039
194990872356563586
10158060669693291
63751178523889409
3028268334205630
11693672523012002
62514355362745370
80195327316430199
23218133953882986
28985044729755937
4612003178667834
1547702968208767
4835746074203707
20056338870502262
7568442509862766
20115667924095715
5346637965756609
38406309075187443
2969712581036212
40253468967985160
198857015408403
41551128386689361
64410150952170258
4703489226678164
29499314072351669
1494100210911902
42842118420452494
122316142058637919
24921606713791502
3584868456247614
42030337667163645
10796732788252179
27359358647284512
6349235457374403
30722361334912768
78813773170267477
137042616422094525
109562775137293218
10427485011393978
50906974149547543
16423096063316013
10433652657131692
120531935660709575
56882295135613950
35262007618596130
16666733111176757
2577209465203473
45208857417472346
51837791005001050
1462544537492884
5162614790108400
3911214333783641
183043394562232304
13031035736318324
48116178175574288
79627014612551290
3038782266743833
7138284880909439
168072136945330054
55349876350745680
24657624420059060
1720452018395153
19258282139961397
127157458057464029
10140051661372504
12232127857647184
66958421311005669
75163327181202663
62154617781249535
38551252694269273
43918749191628993
8317479010393907
28995916823911155
16059068203014942
4881942444313616
122177126421526257
46154912314773331
49667987228521652
633868754234960
72532015208586152
35903593626963877
35566217279055537
87464998130184729
18221032667176616
6672594689956166
2798061583612691
21522356844103533
25297681241552706
1918071041599584
97391112455284418
6663884030051964
2589591324704241
152496798624633071
40513667433151748
17598020677806970
9386681294698758
37342875445959458
4510535810346592
23012400984197590
4906762918300495
4172086886925080
6517474362804690
30555544186764
634325467110020
40637839907009222
11304553109130019
7577436441446971
22431227380130067
88134609270466
67077303557262120
68456384952745963
8143217065046470
118917137686953751
19659271397047222
55359416118798372
35568461725482540
68125625317165045
33044788038383322
18877301593166597
7065232480164253
15127407529981018
3725454770326607
249510551979441
8873953181174323
4583037781255461
14956325443454398
43491510689404289
17416155379735766
8616672385046801
4057400322035883
32518840982274594
4850570827728937
12127153417078550
55808881045568378
34414460683895611
36796861452007187
100528139305682218
56281644680245490
3351733102903078
913305196892983
1027136932011553
8084972592026211
58062033842896694
24392516786187066
4470212819301912
3076805818886408
2965748483469334
11697254980496096
25639105907827992
5059500291651842
140320064399712584
50190339670954310
8851539710928934
95853854659999489
158902874297510688
3319114021985374
79302530197934475
7107702862690926
44867837531733346
33270285810279990
135052694381191824
195180548253114
6867072791776924
45796325134274323
15150798149668277
8077610206482879
150063062296714
8130404125824537
49665365618230654
22600635588359368
25272201008178366
158077508654291114
7410445646311689
28559892310959221
25588866413230907
37987864508380111
68780881574028405
5860845629322442
5122283352240404
118870569122898309
104556015903781586
22422597909856728
53250618352920114
40809140172401383
2591668351638381
50075578754617350
85472841854873107
63398519098100480
7623401584424434
72450629102790519
16821813642305109
14641532683315441
6914669360130365
5163300462196058
92435016861858545
9866719840433846
17256822325510341
7104592615996520
44290643965388437
19750085937635842
27290670358100061
47623310950448524
4245147336797177
6007092793608870
4975221019075940
750742446923052
91338631695729302
62945510033463098
19033542545660289
27056325349640431
2904484976770465
7729958359850017
7372037599933703
25057510498641127
23805519678314681
34693623548259226
26683442328472125
23451076775401639
11205824801072893
21872222541670592
109140687687456275
44675624137916568
58547560379915332
12250232358341505
2966614162614489
50267916918558684
7337226062428671
15713242847747920
5460547647336657
19833158319664406
42858457696770744
9105860471411091
9839772322843309
31956836526434380
4863850151127974
35209126739743015
781762521998649
637307380439581
39117373243338190
77746599265363623
29332845073717688
51614523207805205
117615031294846668
22712116638060224
27732720548371122
4370044773222776
16042876699159962
19305973355086638
17062601375653870
59244484665626971
56396830501503662
7462641392790452
2160418302915461
142455006832068797
42866465639851834
330377107435350
36527003542733328
29270316467024534
88633338960562219
10057119105209581
23177507309565017
45982442376520599
4193115001112973
14528998394863200
1214791979990363
5276787748466296
66156424589289856
8983171699009868
21342483232409281
42699409622013595
408445894061619
13127669836157066
67312298558496258
35766363202089092
42948748022237997
2103873768458725
556328378961063
14392532666801211
76345550004878660
22012846210116328
53888062785829455
117805812578452888
57756826655360876
14170110186493122
175195318164619
9226130680892998
3099055538129478
8322459453036785
56744133307892937
33870231117336886
20361792046884488
8964254406192833
38387939595960407
10621085106816949
6177356270970308
52253015818107526
28039663629409534
79062666080479519
30835755981788436
54593003250602770
911131422348853
1359943246098512
12393454544072970
25300449374950516
59415316373975238
11918426546152519
80569550223210356
135186215504317040
57831537339471844
54861718874936951
63915123845268651
69862378895574360
40862404876775132
7044431098619092
17195014408396484
44523848423113365
60261039784143157
35248275646455866
22999803058922355
16344427007349145
23213506229510874
2157941544705645
61896606686108725
74630564809230974
64392145382716340
33964286247232805
8719327472153678
5142222942378278
33628544154116444
20634309940639261
4081032123982980
22189190955878925
126573493939449438
71441643793118470
99206333216700559
8951169303888581
5469468011868246
14294955081953381
39277392318504393
12522702882753100
51641500852563658
6720103105962037
83470376417069818
79908511106067585
22990655326718210
33964648118028115
28569514706837643
29592402409280172
29288966166884045
19155682908510374
18070212185104678
9486044456742145
71730759247452
18103310084482773
563105727845327
75317599986577101
65263656235280943
773609463468129
1095009979213280
13321756979694131
60155136119288916
27618651827963610
92787224301553668
37929453630202515
14241509242893343
139757623123530442
24261756414202763
94112518369100741
5192056830910574
9294766629923467
104066130752882011
59130293285528821
23537222118617606
19001857271089855
10847893824265692
12969453608977185
82238791861904602
21881095258023353
26404240444860121
107187705141553149
23790045909022304
54488196192577189
31825043438733217
95251209582217932
35515560898252927
9823927636725301
36487857886244722
2563892639098341
75112912365873458
60952113318271162
1654688846785749
69280661920247331
4684959750102401
53642747145285292
59827182141401506
61740999205998767
58970381792796191
105520918487542495
104360198930964570
73959179864595363
11247437268564615
24436836766375022
84448290909558519
20898820699766539
3823499722761299
103175082429935874
142039179705529224
4549505586771474
39358898614755955
532007461989158
4394266953129116
2528455986511281
52368552136745833
28514713760738802
441934073431289
10607284199667150
36245564558094887
48229950920575622
58387556304201602
12928488103523180
11163844934982960
120339300855777446
17719454219431680
3921075444935226
27116142341869165
25480766315284908
53276256677438556
5481222401309993
9103411836331094
32155389069756636
31121704374588699
56497907325753167
14753704569423219
21298531204786427
73709557389953499
5332764300593456
5023948775836822
71670337449787456
3637816669902742
112453933255418469
4074886700022469
17094773501674602
27213644623180402
7685013154099996
8250292342818311
6849334468121195
1416798394198998
44263625078861418
14421587324681508
65381426830594167
4384482363943679
91861352809751002
15518620661601882
137723614282713654
93125329758335501
57838296525323538
79977697275507082
24876392209448373
22173676573964436
22793211355157137
26203382845657424
6417411795496266
97714413282620874
21542533644007788
77151516004924734
26698959407490551
148117267003387228
125926790225085363
27248019890136495
14737624639108689
28352492721057184
1753297000915132
24137979983233660
51375892748312559
18439387392221285
10567594502859745
68116188095460526
108472382630087142
65703767707276784
2030809077302520
62403014694719573
53847316174043195
31739582191261569
112568282557045845
15680590958988836
97175559112918417
48762719078223042
7041241373789115
39575151504248
6211708410264077
91156196154396077
99291721746222
72865139615156609
84457220965127714
147450919955859056
34859914442638929
6035066502739755
4887723993897272
10597386113521230
565221524020658
12380349714664991
18730146596179020
1005700063261541
136467597409578288
18895118161846451
419013847205429
50899983941950063
112917956951220105
19874956097017430
75519822668348920
38837031067735756
7293036020447943
11528824111309093
55713058144197733
14438267028910288
11088586839591000
7075718512496056
82230172900913812
91751409595866132
44634532703227525
62765974486564674
24512534537124314
29125289130110562
28996164306729596
56015659211997916
25323458149398976
14388986234929586
1683148808383912
306707148411285
64864086867305793
6755728511117915
27542275729227166
37461966345474868
274313800984406
1841924830293919
31310945219648827
14307080473630739
26458926144107225
13867976801694506
34510647682117710
10952619519605555
110425568999419114
89528049296800091
7660601167714424
49188312966020945
130137590746367445
23443129920797928
7180820236414734
73252623592119332
22416353590452588
20525417023627074
13217873339502361
13323995796096471
170512612412179
48150114628563839
18068873601088117
9461216343715330
28858603327514026
22255726904389447
222784981182206
11528593363997808
175103005117417729
107405616860453172
2500219376698570
39311514697756502
11675814320112348
1197658519907921
20434775438121719
1603639258729390
1428958732512831
12570447312810922
783434146483563
170031632428123824
7972844319587090
116113265900079004
9855998219402464
6393863692525841
25924325427653360
44890035955633816
13187739827416021
5543303614174989
13865260702112095
29966151263893942
167792784400603858
32397165815433253
16966244483234078
162258655411403740
37970925432189671
27833301733770503
5703712102824048
88883323544652252
16378326625816402
15462025958434014
7710549701848494
16233492387375992
7575728294637270
1648893175795078
11248940202917135
71675599069532276
120164036433100439
129789312109829293
53482506906134617
42805080899517350
5980032141555251
66830018289149270
34061674727617425
15910032261435767
880335864055816
37221101197074513
50026849547177450
120269049727995
6051965198472498
64964927924811815
71945333562861022
19510442306089500
69938492656575445
5696426026578006
21892840604111772
62085131953606096
83714276972033148
1271227796497936
36402600974024811
77692804534459244
38599936119418127
152862294895875167
87494242934442416
99447933528069231
25794488848289470
33354543304795330
74193103282696862
59255937586303389
96118307730740577
7901821420587168
30231874066817777
18582235568575566
73346455434523484
60531421449427205
10130936094453634
11107686893147451
8632822255800372
326953953302903
121287457693286431
333875387008682
25531638156788640
5271866960672624
56787563934198196
7796490126617359
32076678873957563
1515502328452063
768466984758826
37789957545544627
107302868050934
16499547961693623
52080461462648734
74800850698591208
56891221526903741
3729304207883937
464411324773698
55454918190811899
171306897525827
54885955893788902
39563635130724047
18982803037501451
11344516425036376
23202610921782357
4435969901819137
3580330282860443
63478556991470972
21090637997983990
12647221201261901
29831584110489128
4014196205149953
6792600155936845
9205860720163844
6172828456556643
17144336375658104
95241619909905560
7844507826147569
9512430006151595
10119679766088665
61420550753620683
24703663101273264
44058854627257551
130570452730861001
69828855312224193
98932139898987035
34769817961098052
287573304502929
3675614732046086
10954468256406780
112071851124049
106943003040469060
40965049780238059
36408216404356960
32004417075911437
525087773921966
17817065586760039
31173760453400959
15237903670711623
44992492599383234
33246232235938769
2337331306152029
15828151230054403
115309039725616980
90794242923823176
56122203976530046
29389122354894429
19027284701143184
39235609242265249
113135799609780891
132084463707826771
229167239236295
8707993379370658
19840240827202928
1038730124636208
42682784579890857
19625874589312300
6063416309142643
67394745781334642
20244301193939297
30971156334153139
14506373965397103
102498197082198307
4404191993987604
1383800962478073
74072577347037501
28581979692628294
169962153934205171
46006160086738484
23604835846063646
12863412141883781
9774454661984177
33703878983014813
878934134132663
9315181636509789
98452388752001171
13898246381126050
7706202614351882
39731596275372311
95475596743351185
29263842901215841
7097923931805641
11118343256192649
76372159534192739
67257070190174427
10150613061023655
11405793267322745
9135151033349092
4880935630353508
42007742567347065
1546505636027224
53253551241043466
1462011743240531
10689859183703695
17686215854297221
59344153097377517
37887644325175862
52239312875032355
33473490907414634
23138639825169790
181245286615669647
259640012215985
21053198712429858
927306846653854
59463118192361631
110020674665265227
33239570081760143
59326080095964309
7779607698419809
49792442140777024
86428090490980017
75103543150006707
10809787517920349
20419680331753300
16690525893031062
24276122914531203
74588208223597782
10235859737819275
6544296895420918
68085702798685558
50991684622725411
54980015080258907
13049093346139232
18389740837482341
6122315603610371
89644411981104750
44220887460185487
949502832220094
24753906268332689
19722646802291519
2817619379627511
62557951449528595
37893642434912193
105399018497171875
5955761806423456
85782132965049718
92737019721735581
30845628971019977
83014612456846969
51578214601514885
57883555075122180
36159884439017447
52987515491755906
5407857439407028
804505021615601
68724381511321208
3349188814512139
23019034310584080
1420769955369223
42289215582700515
13650980114901653
10873157191919681
2946639756816952
53304306331245881
364896705546199
79993061033120524
5023638066975156
13933430434233433
30153401943559325
99416040014738574
31640896517859066
71498350558342824
48619923854687651
45759582214189706
8715128720037702
74223066276539222
35461851458907635
147077685085909014
31959838177801611
56000515142874251
74830264284514774
47644128072263806
954663673874205
78557677309590387
27327059489779752
23489581119581273
1965114714838920
403472402846183
37957538874237650
8234039927601339
81586911259491855
61753046300059579
74090691090788210
3686963426528583
25197739204935235
9534203131985012
5762373437480850
9406506151816500
24930636896526621
54597087794114098
60815888820987798
44185886394136986
116392652967708442
15665868782221069
115174462285615251
122494462681915403
4737288766105483
12504891389270635
5314806781006289
68387736875001184
51247967727950176
11524493666149589
20850142211459657
4714800941306825
25804538386819773
13349613394815972
46664756407008602
61280784992766428
5220540493067027
96019298592781976
2863315467228680
2387379444612246
6117561700334518
14325275745025391
24425287375321055
24625485668645568
61572267121839108
14120802552307066
39291404732351748
95635388960709531
67029466624358764
35455057787932908
73784271249679083
149493751671798324
36412874560468319
3712233173848689
73984124993733
48148615018983407
19973492594433789
3299379789388108
69072471308889270
43956970944041492
67126139466969150
35540274629750612
9969412814376559
3752699149077
2753624706173986
38541451149018953
30410900237526818
49208966734728557
29404286910921440
23749208492381387
3015153181390128
12745139757531429
79317476217038939
17351369435326543
23923599193424656
947487501229894
147206639585452707
1281139930480666
8294512876651651
61927648758190761
6848729185490039
2696155171561224
56640912430941976
3578878281944111
164829182873178382
10006416654857887
1018931361065967
82245266766203587
17874501427219847
28290774453029750
30524823960511688
3846967748684754
6474766225169534
2082785291428630
4321785062262151
20466107890626307
27469827083203542
31642687999660644
3447464751342562
8824831952876042
71393478706473424
90249849804183101
50250032529662465
10234013669184757
42500816826966428
9817510977494709
44431776879617726
13606131696136462
53372296871653943
63523435472384810
18268898529404617
31492850583666050
26743549139541665
25183244167336334
52925484168822764
16403071747911921
15330549532387908
751277815476404
94871463369405030
21238101803905390
63818156408790516
125964643410779861
16710747408979677
42506870198316241
11056208038953259
86837045948185578
8080727158938849
31650808702303370
34816505482151709
123872805479784550
9334323295751550
95822447961153136
5520457221323763
9322039220459037
13952211741151227
33056079658430238
23723280724059925
9478842026583672
10269884756153772
736530970823970
6248265407600997
59220306620813412
17888681451760687
49317497671222293
46604410488096103
1298525576971420
40902583951896789
44467870797561832
6336471723166837
189271422769690336
32843805653810185
10606463053223627
77363984077446425
16767387130482632
18922845233088611
51176264241568955
16258775090946706
889430743958756
66082098350231520
5016369322122369
14947464170949747
25073535692015891
12144507968517056
11815394843828624
125963822338972874
21511059841149822
722594993216030
79783574971405076
81198531566876042
27694611861442620
68579425677235690
66391413046116387
12555716458545083
8360878921087475
4005396704852806
23417512955075847
76225845732309154
61271446929401993
4083121271786830
55065381732296771
2798851185158082
10047466011137509
88540172568316241
27606259589441007
3044080137353244
4773145742885199
5074802228509649
57334286416099558
47447367631275209
1318324887538340
9035066562309242
5379032026928964
39851352337086334
170601478955412951
3653588339161265
68011244648654533
4254363542622911
109600447061794660
6255652165654985
31403848418596829
3041569468956478
22743991523767347
34985858273170241
44291239679140767
67729020253583246
13090144598894701
14639971552361536
33749315823351237
120101249834120413
4874313894524327
11613731475917131
47167354635115061
27075692742689454
3580095483627517
28203710377178839
533116592630179
4877568997726364
482117463288390
131053470421200092
4414225915158603
103760137487645150
35789069147000463
19453052399409169
47706941074989912
117750560530754645
1822985507946068
37923511716947123
3620805401323533
18298648882323975
29700427257907368
79778767484918631
8713749917291749
7306954696101055
76933896766117314
17652244781738173
490981637544222
40302381652970503
19451080312025218
16087335118565400
20794092042317414
87247455410252905
29159669372611435
37322834896675670
29578834341399174
95938306264027984
60903889799069862
4917304932026172
25467489727642640
4107053985689693
753798352279324
1799321612196765
28570583477393897
13413135124230747
880874444939071
80520065769396518
23013395705836844
29977682150487007
15015740738436907
899965577491441
78456340085514860
25358820616628300
13925797124230928
48527339479710601
18520271791889831
23289857569657958
28978077641231045
55613482942945154
4798024013058402
6785254567651897
3322100895880931
23426504773561898
11476441910623280
21250327824760866
2239539925016015
15936613849162063
5077993568363897
60357876069535230
43283745289304382
1611851494242969
43574925672579150
40216520023868549
84133924945800576
37085860113880398
1069077169746925
31638627139889589
34677490589672698
19051944413032830
28474305104551738
3878543861702700
3369480317764842
110316010811812454
2846997068918190
23572895580044416
27839149885738695
7600972642742411
31175855548131952
153477217817064525
180932283211696317
67044941659165579
27174371237697578
713953095947867
14729756015682961
23308634798620141
3071584963127528
31908459454363281
2170687844529983
38628692893414827
47886965067475602
15717129927065247
21371603302115337
71348086877588419
14913781106903006
38970036397876786
15995539258821281
112954698325842676
63871422899319601
92206907672129275
1113181642277967
75473087989404384
1786422477669716
7499955509593794
22648519243941945
5798857251052494
79680802790794248
67764208281186965
106660956581388186
12730263924566292
7052423398181191
30033577682235973
15614702640258228
49182555072145480
21802402495833924
27568519184036607
51771412772833905
14726838985531453
9257872979060845
8388669391129346
2201391362582006
26046828157275447
3828072729780608
155607720074755337
113368344895990059
31479262911634491
14936345447279135
2082554311052529
82292578636879381
43229239289046107
44932191496140210
166192813314500269
38586705625673427
5959336911364448
24340908064890484
14707630888144
39767280217419711
56408381720703072
60840612190934422
24305031021841191
35540467626972743
9749496145338516
15560980904279177
113059640519485446
21208547392305850
52873785242329925
65859915311713649
4206646954216832
506548896835739
56660859440720060
73288110151831013
1498495740930923
51571635382745668
21901576245388947
27291932936509154
37631469784420732
15818522632578165
12899930114540736
34941053798926663
139392635712073204
3365866704218639
52960058452789511
27895422490014433
11106841222572381
46717864464753182
31819958797047296
44348329947501376
27118615387791176
45952381972746662
3461235779096112
39871204714646470
3094587898097837
53249276715772290
49901662683515759
33132778847823779
19957679203757889
553924281396369
1953871859594937
1640061473116838
26157217365045186
6216035011075665
4731682875138262
8513071833745358
11785114002465151
119734553016856259
4795969973319194
86056334005429233
5442644442131725
3878406815626954
11808063445915209
13976557947210767
8427625301798928
11195384240725189
9265173105649885
6373775512591619
28028128807908232
14909915352990345
22060348811380673
28889424503590051
10544104013209693
36263029929996297
38354544277709230
30075308724833458
15868691810535349
5300336379924875
15129066408918050
118751282601649989
16139467349543600
70917330163617046
9406805700686801
16871239967200796
16361977238361483
1118787435046519
1735400840031015
89136937082800160
1001164291587245
50435547259828360
29300188599846999
5698787912567766
39196666128048609
48715554397098739
22559902046309910
50914092385059819
4894887148035493
2307143876997138
3896343680129129
45585358180399353
102048100661938611
94902007798504339
1950684510679216
4271161989506285
26867875943697098
30400207506141576
20474141969021125
11972275715961555
125621576431609359
73674718804833405
56563885346079797
634218503512639
69694483224065114
3326832259284490
15730639525189249
42465596385682005
65295618878345308
1332692219297815
80576670209869562
560012805935821
817114113970526
1472093510506909
32319135780423234
121923027770122127
2002857460364633
9116868306582761
8196557869263511
44291834955774764
35838449134690489
32955245684077274
62344644929812571
16763529487568868
37817777567584183
84833199826727
303882657697506
66012403064845168
66262180598291420
3312062478374213
45342644969634712
36244302448706640
55359177302424
8087166716073166
6896651626548026
7444799282500768
7180099741915097
14455770084463264
51015407046503525
1301529457870263
53120526183810786
50225810380564812
54303184914840743
25702180726616140
24961015440473618
15080077172412682
32477787415250022
47944142552654328
1289157631435872
30221745300681626
18016759884898776
20558995874794819
6146604294936981
16708875379677512
145555470285803762
8546041205789913
91322761153778623
48744485636238342
92955103162666849
110952023753504898
9615925407682214
1525447164887919
53540869976089599
5903895347927782
5650149600874265
6114967016549264
132935241890362535
6315050885579426
2184591213928810
48679206773901352
19037942668478305
59580321358297109
11830026513703441
33244378678530036
18506564792916708
2977268507639722
7223512130720855
37260605485326711
26083688632335086
4873301345586838
8469448390131474
73280062071472600
59510691715890580
21100404169208812
35500657425583439
65861803536063882
151748578146918
35333197611634384
17779666850118214
31819674486036860
8607401542291339
15718652915989039
83225797346497917
44023694793976933
5843232880659038
2566558629641621
24609524941912545
61136962734682677
47579821378614544
8243369018143671
1380786568423005
56294297011762202
11699386476621376
8897150562643139
23219591030043134
2037735391395788
1878432431073780
59912179764424018
6899774970349698
16597295442518124
58940552419362085
26038184383645847
8063623807914116
27098596051124562
3179786941444420
19903932288941487
4819036707131577
37799650392112567
25120990478043024
16065906791592833
62231546113247777
107600230889598741
50524043542204730
38541265022694833
81560625784852813
18443044191735931
15968350170761121
30173868355453514
12396665962735045
31839713234321313
21979177807610404
34139490147466499
15198445267847570
8523381146822410
289685709308925
86982231313591399
5964821819393410
86278855147555822
9417162433656897
42674257709625407
47779258782063050
28853495542292240
152057262673196957
52646174125469016
25240976686567857
104585325146203039
7280565321995129
112705298205443247
36904851077855955
49505402705711483
63068609277066191
118939704373686340
56458814214459617
130751157386665484
9392577805099349
47065931708839169
54918609226304344
5916036576693949
15272019543183078
2249976470566764
7646597988541293
13479435907608620
1727422076749226
3750862992553586
21448951647288136
30259391760608252
38421301980103840
2379237563925578
252727490868362
68487096758832702
11809304146032224
17918248177569876
5013511559129220
20229389012916999
88369566409713640
3652149850216705
4059614260524157
5787176950830933
2013870724131930
17187369550479682
182122618120521
5520576170820505
47705637966635870
55327630473273732
3547609821608454
32785309632403981
1317633006333687
51059680871319760
41904484499192149
50187214340254644
75499253058653710
112398991483275435
7899885211720458
6475181690386988
88480493176960481
61238352439815606
30828780129300865
6764427504478314
22629408870047462
84938455126047829
36971321708799485
26038059150125851
120327260551645148
1931801683671768
12200861122597641
58022332730081850
9712880706394427
84356125085582820
4127933158416162
159583795131969304
55728183083394751
27347602995912071
7861712846776778
118959333323030142
32445267594850222
42300550073339464
44685409969147885
4764118814386776
21785736634101386
1236374309698989
38432920864276052
10605524140753887
33524725659781530
6759849337021166
152546317293732933
805942751533273
81101062372102662
13260682451535634
3476262659142963
17410387787619877
32899897221809960
55266399038633846
34506532555350907
77905501759405061
22463309485144810
181452111636861625
44762295824310085
12898609483696248
2162273246727657
8606215907343561
84820522803128808
728066284571077
7703594325021622
265085103060230
26620907458503799
29902507857059291
110603049380154006
44474998137398730
57716563057811111
6769514911870933
26834780645909350
3878071332155904
129219329801624467
9748499615097806
19332070771400450
16967207041463362
3199756851046068
1181363666427394
26691422884180190
20248647829146461
114672947825959662
34410748751254033
61872189098749709
15927181326945681
10102494245544804
33484646831530236
14547301818479952
58533151232009373
17274536111057355
4758015627429799
6648770339754075
1666987270475506
1654511814569814
61599806609774
914652077078750
799957743058085
84436121161897330
215401375120237
34234881644371263
22133699637225031
23046316067608100
17076652918949088
54680301102497455
12341694150718451
53443177939217883
9879929838017039
67677748834203359
117194404899628425
33664344392725551
5578910022775
18211019429588716
1965583555808649
83702342010562201
51300091297060877
144677746993265227
37913732702438897
24802121162249630
68672649631925224
10388758081461487
83392714954278063
109300183263688722
15346759713603914
8098357494043676
21837395560726916
15070482006869339
165762951226121682
47088096897060660
11929211756507970
1729965675476511
6061024401275933
9779887789254154
96684145782399870
90183721827152758
65457996802324768
18349984603545899
27252178483312398
85793144341318593
16651511294796448
3433933670050634
40473893736792588
20105695551242487
148549494703301769
1139702758640002
6607246330135265
8098402125379780
1966020717595495
59061433975111455
3774642668000241
1420156101746829
12351061737111834
1066537789551421
47886185267217401
3716988237185139
36395301830958020
5415963171193877
13664521437890210
2483578700975514
73319048929830316
101987060739035676
2625511304152486
43832358668087478
51744107707125347
2174818214967612
47587680895127817
460620899112946
91059152837468573
60961651448759819
18384589652721864
39547062563441590
28819527828515553
13270986167119161
14027889098024769
9027454914630691
3227022124021159
20520394347598213
5713354766709750
36048623306186622
119853970958209932
20361128326302566
63488050670039384
51901484896505489
80349692265328074
58608626255021283
7498795340836046
91936009776219465
91224900552649722
78045509659704762
50875158401496348
76661317903999259
39459966913193641
4792906858272986
5419930632777358
79444754832939270
1734780638778491
27176215488474057
68206859536672662
9103912566436424
8479955110940445
56061236456495426
152979017745891116
10035031478815597
9952452363221510
1186984625625565
115761140487548637
30154357026728925
10612798344858383
121203946711416868
10311353918229356
19756232738408409
107721355138667438
29347170425084692
32771844823113248
4532032257433082
27406727028268983
13320134388707888
1225447931274848
15623351274687489
37111861882016141
16181440368838301
108067769877313798
38104385962537997
16844273105570984
19611415410519900
41444893171624261
5472143184292584
37430385509927
90449080267588481
91909619437165185
4983871795764087
6790051927924566
78213464340200397
38619005571546577
8197654039923559
19181006745661560
50259571010956821
42039795482675283
9694066005812357
2516715305465919
41179321185627312
37198749018673361
2335216410769971
4346741616319992
126015615369701553
123953911238844242
59408836268850906
4895957358948771
654489758694616
81096772885381019
28628506385383528
3160158373639950
46399411766860024
3797614966636116
35730257886319265
33209766545233
18113403163377681
63651383790492365
38832986834146576
13632092669580181
105851977063634
5743298838254738
13266725900126914
3828441339749969
2112941951052342
62514681417024546
8861850092989630
7117422460352004
17438293820886943
69563309891387158
4015477943550207
14940710083415860
562458529153883
64848953581722542
36386763757641868
61167850434191514
184378013012612892
9880368583872370
20488291298802866
21447767430333202
33095576732402665
829359536794248
23589873900267213
42621980770604440
47976330396230716
4584092041609341
51795035289694846
46405617675426812
40901292503503155
51340139543375337
10623868485574376
95820763923320741
23925399002723727
30553155226082318
4719824671350755
15233452849976715
4166218548535786
7833551101192035
545078617255150
9764100101251576
50997949185787351
72295816342125051
903032035788425
42491907753016644
1016163491029638
2849978462538854
2097983919527369
17911072940396971
74367932365476495
84808535275354037
53591780603625309
7515238323555718
74301458832016073
5191019634988811
10099291725674545
35737505179764686
4383542044398250
1136070211266104
67746744421931746
30824790621595134
29113987111558814
6389785428136976
20478636543144529
49332525786311592
135539326548885426
357304303355324
60922797380398748
44189111908854259
10343388156310805
31317237829642265
30764568087463931
6842183432569144
21781893193588808
5219083965008706
9412373347926662
13188008938825258
831745891060231
625990353814632
42644586555581331
17011743183725445
1269918125746415
48073223125475696
10600411536556164
41295655938130950
49178719395383640
69453002132113318
21757801798241770
9618323733929914
3557851863121341
4127301922191200
45403408815107088
116172822907684004
1036980567255812
20342160100211567
33387213237582028
48672443761893209
5232691785045546
49509659678528492
7426767592666484
32331745565347852
10323372086105086
3355249749488601
21163914201266219
61977233127694755
112995869562800538
24139255479533117
32168257166297444
26971650960721385
29331792066880644
22083376847135890
114706517105676669
1576486108157252
47495510654956131
24773117780261337
17559527308436338
10612411177138880
40127192431281793
31327216014769977
40202152285730688
21787108939379713
24198247081882447
24852310682193465
4303452685855174
3448752357370866
9147085285405153
34417321036461259
142743733439077390
25290172056876747
13160806343324042
167650977949690197
1477533439632893
3998302536483758
44614458872548019
8918604869831332
24889595880151872
35177447231932459
2899454901905479
212953670221112
34795763347199038
88009940840306876
10594514899072438
33285801091913047
366119168912578
14845394861039452
1691346274091568
61788712315403914
19536880550041185
15058034507264069
118340005487876154
1514167600224859
26690129711184974
10242623629665172
13599990566921197
15499494549467174
90239920840428110
14448457894440590
3678430947927770
6954260225845126
186193427532792341
7048866414727440
17491705890414585
17463794541083761
100925790945647693
6160121298518579
24449408907708353
116647118123443869
3814675652472626
25923689462014235
16641785425675570
66462138760142143
114833918847563987
4062538132578362
69277212233423731
774818437812967
406869420772206
10045156502045888
83532383827094840
16602508703326893
12360379202977024
1054646046010207
55628930876563746
98640668953362893
12026456136809667
8552974135547023
14460001824060699
46031068596265653
9886644225253258
36072360678812346
38097446307685338
13721637135793018
72554706057634906
15720433886675500
33759502172000798
52187090881176553
22628545089061402
10704650766615886
28870237916637413
82479223469424631
108243598843224124
15328290894836178
2689143966040299
8705429549077905
69852613873203813
17427405130882414
59800347033833483
566399299487591
38987560810352061
56479947740355216
32641361087427503
39167173037734782
18256128638459622
24019607151207411
18557410042608553
68344875355898008
17587161842571171
25088454365692822
63410536624977270
108206539434542413
71370932779954924
44673172788481419
3150643988025401
26978213463765713
62292112715417693
19888042776481461
56864210800399793
60472885100542180
37667123990496458
18906930679636793
89801186005784153
347204129903736
8626448398553893
28762246974785883
4404542544700518
72723207997536036
4202824093026136
16031055461249466
2469795707700231
83865325144535803
91433320008895156
31343705654444800
26981376434024817
93321834827042462
6851188088187831
51202558411398787
101243749330961394
33565124558136950
83317543137686169
65679294039294926
15147688555840752
45062643713844734
105655022761309824
2360666810983609
7042330551991520
44593327695522611
63301016629774589
62307559407705612
15283844985522564
15013960029901948
10157315575955801
99169911499314587
27385671450524695
11650638822052048
605934634331120
43572107483794807
44166690618747383
19858559022236048
41874119574410552
15035679987955918
63463859465551095
53918627989139145
88131017975493627
59325594477708994
19413471481681362
9880726065393334
88332849578059743
9518089738696796
57528611114131501
83530653101633163
14699035920899922
25370446307411325
26686035575562529
67465554832743453
23238010712308707
3107860269636558
16878967971795403
4433081709819992
23617624091930152
81468971258497192
9848216663266015
15378225748121859
149644237649955286
23135107837350918
61317453050919569
23347980687902
24481353348196788
86652320946666389
38354880648035706
15735075657162428
6062391157250203
71411062901014558
30353658559328509
18511848249355470
36167972919899668
45803602240430019
695705577637545
2211584403877764
86832322473946930
2680959924696715
14527331861227916
37855912197560067
52141927506092036
2975766670087252
3549991077028412
156750778146946882
4186183075023126
81677005138194906
6546800936703235
9113918763464918
36258411888287843
19418951273934825
2080621817603028
47455893892398484
11807570053327918
17691210737751272
107858273521574542
9163999257697957
29474979383998112
62998547524545763
14018614869571293
35449557124785833
9378584711107925
20379166798255461
5200005888595058
45237800025185394
73282928580922493
43199148104873264
46789707424857764
26116165782630725
5280393316390657
22781014149358754
37031669412630469
3480710497263906
30114930064017206
69592338485989274
28484816465453129
11983435638630706
1552501268143040
10214830476051496
1078526523575076
64520798855792678
41944030112420643
21695230202840385
12566713748079107
8182976697235812
16662118355384466
46441400651476222
2972262908727457
52215312150153660
57508301673834613
33550101856852544
8764895731208108
18904617283051168
20677314610822000
29350965964840567
150116522009141196
5232719428555142
29917323591682377
34207349080072789
17909518544808272
567905318771888
36074168850881385
8024654524233109
62323038390917601
484644492848658
25162644318340688
1766450356860802
404830337572029
82536807165373896
121841589274083216
23779014659883150
5878287685577135
152094802544532157
115232050092056363
7109152764676557
16528912115756127
2035599517460659
614314209657063
33613973456879966
14750669840686360
40847879488338499
7459407757354396
35939715332134544
12819836556571521
28320769550979009
24982822688856996
12296910724183862
71422094862984081
155711238878154
75748374011630471
6023422855769240
42298258327856225
50271641044934894
49434004809812913
71338588743776131
375111360332214
17237687124764797
60261209089694455
33722492701346880
47151899811772081
19813089381405080
6205133819732614
102021715316194998
2199734411518723
43062546266325050
17649497799514406
230664430012934
39317194635880617
31272516896027216
98636670443258891
121866708009275
102097010753082896
63565492553717
29991820420953021
37231195290479827
21752054918633123
32259659611865957
3363068099894966
3802301659817823
100289707280975828
71820440606664619
13042769675352152
4400002493875978
2954334477255247
45949886785366287
16881685369368805
103657806257419915
5264930770184154
19396116000770327
3081078975620170
6844667435578148
6658697892426257
34410319951386496
35188316046610253
16790088757356776
4876665756266974
33897005863823593
35381363845405616
18280576299365561
627452336079650
48203358602180105
29409432528612589
20170316983231679
23134660983973006
2200696692482083
14506407843777289
104468729675714900
7589045213292888
5000009957716185
47111053108566400
140587088869610529
109497299453489252
32798382222473
49609158943582729
1989257813478893
74402730541764780
17191757070440544
97995608672475467
81868277122841697
29903113191769543
31728913853723610
33153199808210241
30253183421161105
18060869430208647
1285965403782035
80597161917127772
12115404213018227
7127528606029507
99964137403204042
60513502672748
16178763578738174
26689934932111076
75020978278852696
6211149170590569
99224473549108140
11509162123484498
32403571420930183
7866220302514463
24177885468083238
123801514702051
7151746822856818
2599486210397879
21479709040725439
39131178497616385
57773071239263090
96493869659889440
2084608129451395
10569912416682971
72778073881746300
55920560286267225
50980653940552078
280683251368701
2100782133000278
8474415738965190
5885647427893347
2838764720904911
149632876141182630
7337486636632801
39972998036981058
16663428481795937
15957802761321429
31303360094180183
25701403646784916
1027858049251523
82121044866327575
35237962606551366
72839934958897299
23395028842196194
3829494006521395
7879660324618382
113249799316122264
24925940323716089
69549654477587178
5271216374689659
19268661737982481
22388118288781829
44553782790447718
22277750753811397
20561107480237058
33071113153793561
42767830912710794
67228571352360079
63449496330929302
4092150136282303
42731766134608016
42145358377931477
533726496554892
19015173803915370
51182144903106186
67585493590666981
115419515224990898
6999072675353650
3777259473777339
36393622308084233
5807677685450193
132537969736971659
28588219966619277
75306192796077298
2353610454597251
39848932557776675
20257725343137234
56135589027947954
10734101380011792
20666170961265511
81036205691142714
38475021244276655
40038698096100027
1732841638638408
18268036233267733
66689438735073399
16509294053941237
1083335677347753
18534091614057374
92368624016719578
12877172874742353
620405416626138
93941207906769348
82441391372955883
17713797544156111
56904136309813859
5287564457600273
10312000857977084
5402567148046901
31843857350594732
4774330610101491
25266037352552648
14887886965245613
38854933145377070
40920178350411148
43477402530709555
18458329285368337
4205270076523342
427788647963263
14123867856581026
8766752248699916
83701324193215704
2414867572681271
43864986823104330
17458768645924151
22919015331261660
49415435973198227
1342425768976905
78934255668811654
127803812944499209
8707500684415359
29334660083703981
8581607268728605
41282291478354403
41901152513122748
91656317100156113
73664710790090645
83889136872464305
1375763278759442
3692548428090034
3632101219540842
25268995561183869
45148380734975331
97311906426217890
55883417113324384
1006297863715345
19125086804113023
57539967109671224
29929833250052430
169121930561713969
16013623330149132
33330154654208473
15905268300730924
7524892731559617
28307852299830248
74209906639569833
39081405697126393
45279880534596203
2454411545976498
3296487918014558
17565054895779261
2652777605328853
31870402934800605
12978886094226505
55398726261854931
15423098600678212
24192382271935204
90583921543833812
22678828535601526
79969752780054039
27416816062406690
59115321886028569
1636408189735515
8729938159051535
154080489489853042
28142590151850223
39190236839452362
8895435803951488
133755192627786797
22764214588068358
98040784545411493
52442743170967600
29387018967162639
35537488537809989
75924854511772523
32694796966873999
13925949826518247
1856166485678867
30186119866742047
135399385449542925
13281677626186116
4599019288450758
19827138391595221
68143649007278865
58655296027437806
7788056584576876
50940120050647970
14211637076894003
13807950358194758
3866903784041857
25197797566742070
51541707440765948
138270113959404548
43964804800284179
9382731851736996
27196602158498731
3234017068548832
2660285778784284
958067295993533
23527679789810352
184033993991558975
83974878832803
35852056235301794
1451683239680691
67843867548964867
65769064986450020
51449023858098241
37464768136503942
71294854218612194
28624291406251906
4243283953082569
15988874406083585
5663778021872654
50262311864441257
37833465874263364
29270980492550800
6360778170918930
1460756913261485
4460752217056505
6295793016115273
50293168325264414
26685322725151586
132243240314045867
14424948636164085
21086045614134006
16064541508957633
1813181524314785
9048633049864809
15205978207724555
62275991535855973
8784031399430920
124949711902248742
13963573492761418
45976015322327668
7123679681049993
41105671239764901
18299605711260742
2046151458747451
2689210903579137
96292086725170137
5895607075077214
1311018493299053
81979187353875465
33867804272158522
31825198515579488
119968565724330
436716219433855
103546532945469721
6833833972674612
28761221597571308
22089028712891285
41574607474411273
90134122294904973
7454437778589101
3752171860514558
37089609478992876
17062780141121444
1323342302615467
9161191243681877
71405707296671612
145066742604619942
473465426300682
71270756435752140
667972910293356
11484011234078444
7342336895247137
29984252129652715
102583598258055348
48726202322067680
72530284376773019
90436284306462140
11571053138579669
7107648722477917
14063835715511354
58144954056075120
9583094276233582
24969180738729887
32573999691066102
2284981235689103
169395255487746339
70196555357528919
5938382944822542
68856670218351998
50292844651309870
5904992307497316
74388815746548940
9689801518863699
67211372619045139
43230261988577634
3292847004556403
118212301374912060
3490434989252863
39794333279020496
7063225621780948
21616744866892017
22572655226456397
10717679349929499
151034198424534893
66068332449119985
25315788836894799
1455384143722103
49011537317920397
36528845317732289
72828985295286631
20106551468316726
24083449020067353
34332956971231737
91247334876380239
59514196738036546
252596446129022
12063258348680872
91956153039079082
4945396925958262
3927151526883237
32863721116113026
7641058529740446
6404995064795956
23470083850282055
15789519651266027
43002697249463635
17509533044910229
10936731015793959
7645605567267847
8069388014541238
29838707647593458
33444866767466947
80335497031216701
6118261510753405
8328916641065473
8438540760630224
71426254821826242
113530217559741
14015353425121973
35017890218770586
90121419737567549
5004269126648975
110871197732957023
15184668309554839
157216647756770191
9582476924080283
100168622008547774
52851347021521081
8877673833223540
1473092501232720
1619220351772166
61723954384730567
13978649234940202
56856617566864934
45567295743041290
65790066149989581
56675150438457024
77305898303714422
13524547465338639
61600661700274588
24507156052062776
13911325609381126
1758426087262815
82901238101518884
58035763211589636
14611339684190454
47355460057626948
17154190752900222
1279411499109666
1463032308930403
4543729192703541
80236905898250740
4347690944333141
5738064830993753
132195870816092080
49351776689929622
12491311635533549
42437306775667363
82881652068743555
47053747103067901
1934798063149244
1590351901812801
50941220780721995
69415732708937495
29740016764376568
9417877381164496
74991751755158661
662242293906471
9237983274036315
5601307927052221
108089993785007012
85413548942610347
6873307649547718
12809166781401773
1259017940644299
21551184979980633
43888272172854655
21437356400049856
10520449084338818
88880098937606523
27706824921488999
61327382515761355
22055138229352551
60284395959117014
14189246044289281
28184200962133455
28348156851514340
21030537266591147
81860676748162618
33639837623633951
39947475848867982
13384337850634243
102070862155600241
39192414354925232
9555739994277846
70384255195963916
41428011058109467
30501557854953363
41267064097657501
136770599336016273
3536488670098970
19956699558553612
1898800773821214
5590763505721694
17750147329767720
57221010490100552
3276637691991526
11424797177027660
9565920737933829
8156076822194850
7976310556561463
143634299423107539
16892412141683408
83524849453007910
21128982961502949
3862063490417458
79795506166350972
45194051506460544
43508536161317965
94958901807200250
19977783153867192
39168200966340214
105417414688385908
75788241295023497
2709126266061888
19324309763381720
29791109799974073
15827768248693667
10078065555592682
3607686527282410
8046307423516943
2259600146749802
114725189248462690
64312169284389163
40393764202973602
21388720590119895
78539791586120131
112718227617368770
12466730105579766
6834821490964373
12421797339439434
31225911118386088
3911391560312763
12840831693889774
135771906724340894
6677560594415964
11462973627730476
70053728029768044
7637910270537710
25871372115035569
130373490642424881
51142291275146588
61384764917625782
5144540983652791
43020363309637123
46671814287111833
37071385264521661
26251594327641820
72865213030026858
5742745597947813
2077007335163211
3378988768427972
66226593589119915
55648100751353295
6759432506851069
70895016918643635
66425005953386704
46640249535042042
45089756441893141
50626577515609336
35643620220440001
9579385929089074
9515648176373810
22906062057565088
4444305774323245
11649190606719927
768703781891780
68150633157851052
9670529655992396
782244964547674
81936271925839601
104695696672096508
153722616700325172
4270072494641877
10399298809025140
14277116045189670
4688441367773206
76472470059609950
31254813686508730
3365339739989506
13615451686195118
184245749024686133
112741698224455804
77428639198573612
49113341231370673
11177043208131010
30370932866454530
751355082579871
40672376453905790
33923589260953931
50761086715200726
41260738373498620
25087370018662847
831651913353938
31039009606803274
5201103575533653
10700438956099346
743789371030282
1040495252923786
81268925829470559
95343896808492419
7017319985017797
1094951441527664
2216912459585618
13230411542778366
5856664331380287
30751251256780174
7703349507046605
26058193932624976
13255108581705817
168771302453257060
2303616792714088
93034792313320826
48414419508043029
13497902949296393
32921347834739785
97724990043875083
27546709065458783
67052388396604660
57132675766818761
2113637450451179
60399413649363429
100286979202618333
21164106547283978
13753299564026633
2497625203110280
17351426958040823
26539311641350195
179451686141908816
10352196296433180
1657983022493274
80795639012540458
93364403449719215
23781325795957527
70309794756673703
27997574036209352
320177201084571
988769746994712
1312761638465510
17906865030411627
86569637127934215
14467894920480302
256738043127920
58405398727110114
94050469222175899
42150191647197608
1896184467659933
67482821076177094
1546981268868399
48690749427278786
58477061440401698
40796661580510763
46415481021966090
2676796358323056
9355245728743431
23331750326850136
3428669133067788
24135426374367116
31478935378792010
1392049618470313
6435384853291622
14630388984419548
19308880031684869
116654388649018282
398417591574230
28085137575733836
10935433092029643
10105195791737714
58575589831417489
1159397655511329
43508088853312821
9755486087077414
13685769741411767
102395032798389284
62189106898022717
20688625233305584
7263270270334907
23638673082072564
29854869104364865
40043867821637340
8949374624684511
67042784058676336
12961019837276046
1430462751682964
70931929091418720
40324979628202899
97840215583933176
121287723887423185
28591519840537596
134503132338100247
10519458158176079
71473215804785324
6950808622338523
42570424004718426
11397380989648358
24745229080808899
141786541168821382
153306894499219591
29688391428975460
103185082733824839
3592086668588477
57982582566183294
32771051966488587
21469438981744562
55281989052791173
7140621863428780
127179533392822278
72578302511204929
146492794789245082
7092914245079645
55901646876323759
36805101304239027
6630925658258887
72100170715869253
12686254764805328
121129815092293536
48306122258000117
1613134387305188
22890521213397274
5893604162202127
66585868312553669
65079967766447920
60596518110242220
3479218230894830
33933889518248473
109052684167821890
95983471899466118
17941541208118935
37010159092151494
19887544536004610
1954213324755656
10853576572679153
20173136185732665
1850677693202800
21200387150185894
38721451133979819
1562072161617622
54322813689073583
266392612500283
17933942298960691
55652223087083550
679069877094064
25049726666027564
5843598019399519
121881600507093923
104813149171947189
13180736415312992
196528179294643170
109229951282846134
8389214825841951
56979966348947930
24531619393083320
15996029709520276
7509322253595943
12364154809840947
12973793852155059
1948688985858311
31446359923996914
1418131980657184
9680360783954504
83400087669464906
38475363222877475
19222582208776542
11935385835955660
5098957166122543
16421715250905428
102238506111038220
126480782032349458
70513837577980300
16938674884440189
75585046003728343
271008841313126
546669825280929
49036792562137323
2901964168862827
100453731347131356
85114763649206585
54661928233252182
54134821299060765
65889531317799057
64563298204361700
87852046048262857
60850875292307671
54036722086360759
24663971996517565
11024637956032661
52762482368535356
96949364510996199
437947466732504
38040855686350005
53626692602772298
9567432399588834
60549607091137702
76943368041545921
41861621403974745
43273631026333797
61289964046062673
26466397968782304
13764448029604874
7540913874105489
133035402184252979
23710772247433592
84652276674834089
57461821701625872
1865164178126096
8998306703537316
9738752654416337
19018295275897670
962193891013397
6061278501112150
1932256306421706
13665795646091991
767511854027274
173815415375339646
11230015471582393
63700392662205189
76011764890300545
11009011402378727
58538462747370330
17365495820992610
6046849053002690
35425514755520382
37473505284402777
49770832623077252
41963069889139878
54753533226109686
6223318929167282
90995425836880653
33031602242710454
67417187296940667
50147261675948569
71649988424087159
5208713506247085
21064531800290142
45236517205403368
32269310128380957
68635264501268170
7654709573214988
13627932613652741
1917700697509245
48430246930884220
21932030286022256
9689478950368748
10217241210430289
97927082904694283
44684857805159114
20523257266907082
89710619900713396
6068331707282502
33991999730661417
21391675948156133
14776729600245876
14296631445086929
31103998451705404
35046486245683150
76735868130501154
99947382366526966
42568746004063081
14417330779355103
19268684345570685
5743629942596456
26880326646492649
9825855779313873
29172949644402595
86542987669596228
40786990567268569
1201383233564917
9909264525144096
48034290744568865
84309033912378638
12264065033588944
5612540071416968
34167077119497924
314982864666089
4533290913660898
69376614511944529
22786243472310416
70520578280465513
34919328062515788
10884274550013672
2937334200792720
65729725971065368
3521378651658460
10636652270439866
130715559455694401
89156371516759546
37741181420533323
8438353016010462
363117386950237
41902243740472971
114291896008632465
47346059616689409
11025553288757364
18288601065294067
4882317899091060
77683903780439340
52882138639357221
4025600638041655
6356542961293347
23734676297323566
7697479436447898
81144363299597858
34489771346505314
1101021912980115
52465016292449257
11308624685625974
101728748453301442
68662423279127478
19999056296675039
17650758463699291
12234179769488331
64995244235517910
19467935314834220
43767831620845668
15839978825572329
571763446757326
76792512743107102
64123377323285373
182685653480093502
29191934268986963
1436547069801038
87834994681512664
88163854904088915
5627408850702886
20528827065688565
29982154148611040
27719858315532841
4231728248706152
18990414863299069
221203153324775
46623310602663433
32053540159200036
1727312934365522
52146978073982670
10500944425029061
75772822509699198
16517586690228481
28013898365442223
223427223772008
26011482705979088
2739586727419940
28152267997248275
54524250385541501
53143865609759195
15539484414512533
35906451344764771
21157300027353405
50630992379499891
19793032346131982
15783651470822244
50548657485393488
44998135076010817
60318457482980259
8254019396617840
67084127746090760
41676109100987562
47771916677141020
164937079907099525
85898534253345414
8768327350530634
22722686269568892
49253321669586833
25474429206502731
36082825028377039
90858010067843523
34777688756938680
9776267774130612
3285297674255017
51795904764517
141810840898941512
1629212508034055
161055555329840017
71933152381321718
89875733681651493
62806374153138740
65448708527930449
21934743270179143
4068770712824979
137492888129005801
21986048596463544
43279677829478809
6119462500032337
1016442487119012
6793118355245322
26158494551841592
27500778365444964
5457659994184677
20382925234697965
2785695639342347
58848871706480668
18366557632739943
9326913028711549
23431229143732326
17801442323033919
97161150558793800
50010042663596469
54981833771390349
1673911854554234
6516918993711515
11321725655639401
11132171331400225
6885886932644492
5051341874621788
119466748030076483
13163385359829547
6371727248495217
34639052068679727
19238492994557818
3703718896740352
2234110170695029
22389570339246312
35103781552287140
19381735325383979
944753745898526
40349338983330312
39707305626405766
86063600942786062
45999389950925615
91475146262459268
133354393387886807
30431066090681731
56167056651674228
49763312815648895
80223082050410432
22662212806838659
30005079864099300
7997017482819448
70000139158573186
11815182955202264
672164529314870
1801797416144860
48320450588123611
27597081311619174
23361844266853730
1719556965623637
83565091078130944
34029295559968954
9458110381099540
63671693758192095
46643727307060811
230004831201508
9561067368514104
58039509053236646
88044458137582545
10476628328839971
105893843205847127
19273783899936153
47029805538686524
45525011249086451
28758599385807754
17910798425057709
18080754522110638
22095330471482129
52443433399932626
12832993632051026
14222552823847646
54263110311366563
5966257310909173
57450469699609
33349850756713690
47728523670488217
110591972586501817
63552133792275436
1012507961294964
21250397035938771
73790928479386156
31836191055355807
10123464202869904
74044924165549316
52754770045174672
10511121267720640
51637577845466127
32082593040386973
15146345725801136
36065522652019696
13663699392717468
31210534115550716
3832412337651587
15490352786257188
6253531738242936
7521988433498339
101101030375611515
634692438259559
72649619595457339
57527971544157643
1112721185160683
18199914499124132
32569589346518180
50431781763061944
140687999546629487
66123103943363357
12050753058772237
84802533472546167
68362727013502482
8697162768419978
24693321687935014
104335539884100300
7846769466177788
50583665484672914
64821553544039175
48889119664290510
274090302118863
26544773792601767
42560600669495839
4372924320304409
33419014304050373
69161082680941869
52577625064541813
3999633960186688
45539699164648832
8151049564458065
34102703977644289
14301546174077237
96159500697040118
7391784800407280
82789320426162100
8025924664281431
14581746926224625
44693225127584097
25064829337894265
43348160786207259
313473725812549
50003882599837510
763835981066943
52387342076621462
9325860603585510
11074958183796482
68809453433851209
3737565847455407
33509685757124050
122099995195336208
120959577743483932
71975824819833731
7529895267552439
126728278202373523
44173957932572305
79624454304595016
28716966022360881
54434970386247271
32708861522361570
74016448394464287
12987931232635593
49418371129903350
30715078855776466
1013255547767085
34900944797961954
26068716944327028
8058019695188151
57405633558312466
1520173743857189
3698619037032492
34308215082214433
120686274089189682
21391024242873601
17028373847319701
27218949368617729
13453989836716302
102857010083158706
46083466573506096
138922326256841108
17856385778026340
15188750057013322
47530441139123219
16127802063550893
87726450135675259
9583985281909897
14500033049071666
17186978026322471
24091061428019318
7280682520675949
36074640363637143
37465273377675376
2886895851790419
41540096010433654
50121798567958070
8699910097021490
62793164996267423
61163907655404007
21875844327892301
21583995311355634
10394319637146618
47002394486843198
84642831704317198
28490693185704346
51277871914446588
40324478744380915
2636169676049555
1083343095660926
91183119073664996
46994763186021116
1770830941682975
103471036921496025
5116293704800880
82413471769811524
52999959083974258
160965820853144449
15016834484248320
35797841885815875
43682703144755597
30807478249380142
159805831601345149
16831464863529857
36273271204782699
52039338011498030
39390832004578787
33892026403686646
42547056778396087
1445101707670846
16205223987869875
161518486211692919
69896888411070005
17127716027803799
72563686958640891
1765774859254618
56188537646307528
34074745063590231
115275922220915327
84277008469788920
37215017349625355
3481708529089628
49749678125512292
6583390332777627
10198429895590080
29667809620123111
9950636465562885
3248178318608873
49858759191507987
27658242585228530
12844604409775934
98212149631113754
13810245160702576
33327376033153879
34031131888072191
8778453917310938
83746980408681962
16752389843648717
1753254924379297
14209295285607047
156718943307988411
22587026475332027
62972405826302624
123952895865381186
1174564689071597
37702311344142209
2119300979896797
110056757892939740
8185759497364748
113855006414597266
26851796833967543
80824543002946831
10967164100638505
195990286544987162
13078906962845296
36986622414643889
5569345264639298
37139914469737335
8205801535149046
37565065336836500
33621189211199054
18575970624055556
75418433541040065
89622157241467881
5649343605896828
84001440796089195
141483491165968216
26293810899321532
593079798607873
31239004652200423
61833547338030650
82040932992683597
13643831071010460
81138639739881689
1580256896956677
71734002902114532
55687334134677837
21197782537003008
4674169315381916
10810326531435305
53925673647486
3091386234552452
950287486119277
40056237296210536
6161429668181771
113446249215069215
104689935015271968
67123396480550415
8333375061833990
9100964486634140
40262620200041552
106183162333382351
178545022303907853
32287066017583679
24886356999129947
84851778355923190
38028047354913777
9650279135124359
846373329145821
64550825808012418
3521776848775054
26050746034675494
6538619405975211
14281501504538808
22341676641394171
6943832682923301
17268052117358733
32494984904911778
1056452450295776
27490139575566410
7405220842213190
25938280847731910
20327759745046512
8965692481886146
24991209453619666
37356720307121646
92629632136888792
4598978420851228
6302644422099059
18276530890549116
50087850322189587
8431139847611847
73287327520407533
35853245744384737
4026403340683016
9321773698855275
24466291792409184
12951115240161702
29613506363267341
11650247940236875
16775948905249101
68123897235147156
65352404938269301
18125268953465755
30352992153287135
84429303023697791
33243904141928979
6349896669402428
56338013198873316
2765065120897369
1159484932330095
68820056956878491
56551327962118421
126034659810106748
1543408153634529
13027647448189705
2155275666442220
10230824838005657
52830648267695327
4995989638306561
147483159311867670
24298042520607255
6610109985222892
12612467124658168
654822556714889
36289068758683310
11148545889952083
37468877504762523
33386329485363963
1894253654262841
49412979769304417
61336028582842802
1692464086984452
5465790006820336
65261140618041481
9044621792361810
15938350405681824
56049714932132902
129475558968217743
46234199326358939
47472667271357530
1159992573530826
10573222991633816
42301556991015367
4904185343571692
13737836571504612
33384532623468548
1947483936647814
66407774376701334
74170663165688304
14465298059888117
9906024590143207
468581802695298
21835230604876136
108371496247893164
64441558495221677
11053658709918958
12616821200641327
40162573605362646
10646048356891336
23231620769129811
50582632125006749
34465305737743550
1130877921049601
50781341964797448
122263491976387204
18597851826084199
125970290711855656
47405677789321975
74300688152582742
69223644737405818
9435808656470121
138946997982337437
23784695349908610
81752124445077911
37021413325301561
7445664384832202
76099843729695951
25510536919295490
116831395622502215
558439455266187
73344600134775014
6744640631005997
82405749194681018
14407265876005228
38426044857135964
57854732450059384
2236701567481794
30040005135041643
694283614189020
2029550790170511
84443657027838967
500098272203377
28115766543503396
39378584823082690
63842310295353292
589430265298471
249380063933546
43290483274116042
10875472070011107
92375104867308050
28669533526871106
3451328498117253
6910466864913648
6249808358450925
20822894486299831
20641285075542825
13317804443783301
8370680461494848
73795486189847893
31404544536570925
20136085699143419
111279095370391516
7262223180226462
27362609166928046
17963892274547166
12882023427025784
5011242294821812
873656388160491
20869292066353910
35240169706096086
32795043147176631
20796951718022501
2755168462260957
82538811537634295
41799367040277340
33744189018882053
6852036801027925
15556928282475399
171228983858472941
20489122763196618
167957895093630937
75168954157094522
43686996227983672
3188264932732956
42140289958353714
15800593442725364
60849748311633254
4541249834171592
6545046575305460
24441722749065401
15846783252504318
47982186857987033
6792715337054428
100411298137707284
30076177284988681
17383479548039425
64897041127232943
52430775300161083
71262287951421857
29144422078815765
84114447100620127
25087792168257058
59500357133130255
40424082220286444
72305140121740223
141613131265378220
71174907335298958
11258615507638372
7488070360791730
32925076389766894
403353780635183
66931045283075356
18024502017407883
10592456469305187
92632318554058584
34528876445592695
37358756557866014
9562138716795920
8040465009336648
137156775665787114
1489539744898625
36413040095464773
25602867650129895
10746209367745500
71716811187036393
22215919535322849
97232625675136592
53234798594515217
71663024514815992
17008608624714643
83881033387610947
12982376367305711
64768708276972434
22325688522843591
1944743578796276
544358966180819
50886778916763311
1243437595010094
5384257523121931
10262755650246813
2211050614073469
14234455810099162
6448837553523911
47542807031355846
9101401868117178
9524010482499065
19969386337180882
39578914266561082
792695672731205
97468749846761515
36769838151359694
40168305063828755
732431213267874
60586219535810775
39247497466725162
29118948697574958
96577715249570603
9517990204609330
84712198571791585
12636171173478318
52944770962368097
209138859503498
16851752418187480
46126930903531433
12316621213569538
56679220587330827
1703115673692930
37546775144499644
32199689327259589
15807115121117207
98397298850534026
19255626491298858
25147026775746703
3538562949306587
92665035968559858
23108107025857278
51621892834762647
16496604433559237
21538387420539009
67920967914874873
42781152933323873
12647682693181655
84841946607420270
3182758877373193
8322144083547377
20958496966935089
79352079389835168
16470275008759520
7392280885834087
15678487710012514
1700844689337131
9458818693895000
91803591549578179
41385565141732656
41286007437055960
38486467527714
8590461830316453
17498375815416547
31493290243699343
22758813884496997
50890526272498406
19605257438765004
45247358919282904
5451145170122177
44785650700457465
11229489174705579
83582641415057835
33566113538710335
141402819556282696
4310269019884321
6114736672756992
24825972903443682
11642089904306227
32845515669107676
17231143602535211
79800509316171683
70377875260577012
4736069953508447
13159428873083188
3102511783294370
92302887587804783
29716355633688201
11763400072991685
15130033832271460
22402455229242134
4324848178590101
61624247553625646
56095780799233916
99626729075418260
2805817398492015
3019201340625017
51544777181813505
24735422627576602
30330071457972835
480563915071285
3845472042352065
18157619074078705
2560517920428864
29508998011086362
160677744369227162
51626238234268051
45070482248336011
2188567214333603
3998866868216173
39200328869611754
15166817754739637
2904038416984008
1590849500571466
33239332847788474
32353582406826404
99048988739442781
12835967459177926
157372434768178259
8384282248607094
