21
1
64
20
53
118
30
65
9
124
124
96
117
60
69
61
91
67
26
79
57
19
85
116
72
33
108
20
103
23
54
21
17
21
43
123
59
31
44
16
77
84
98
106
60
82
95
97
65
12
124
43
100
59
74
2
116
101
74
127
13
106
66
8
83
95
64
14
92
101
54
67
120
79
8
81
22
93
52
119
59
65
74
74
5
110
106
78
91
46
92
92
12
86
121
9
52
71
14
57
120
70
28
45
119
100
29
36
68
26
67
39
82
106
116
30
67
124
7
52
16
38
81
52
16
28
42
95
81
92
77
76
103
72
93
118
8
88
125
26
65
3
19
1
62
97
13
107
90
3
46
43
48
55
95
99
110
118
112
68
1
64
98
86
65
106
18
88
49
77
51
57
17
10
28
75
96
93
37
31
19
45
122
117
79
48
66
32
70
118
25
97
56
116
102
113
20
119
4
46
52
31
118
26
96
38
23
4
32
57
30
8
68
4
37
84
25
25
100
98
51
19
57
17
89
62
29
97
88
58
120
84
115
92
64
112
57
84
74
3
25
43
6
72
49
10
48
53
106
91
33
57
81
121
109
107
110
22
4
28
33
53
84
100
81
70
112
114
89
36
33
77
50
55
38
54
83
71
107
17
41
12
28
112
71
48
41
37
126
109
66
116
25
108
39
21
98
56
62
4
68
90
24
66
15
87
114
106
76
126
40
101
94
51
37
55
2
50
116
49
67
56
86
18
95
13
85
114
90
67
57
65
119
103
127
84
78
108
81
126
122
18
85
31
97
95
75
99
74
59
47
123
101
17
6
102
76
7
108
93
3
103
119
123
61
25
67
42
126
21
100
97
28
41
104
108
64
116
125
0
56
52
23
21
19
55
121
117
84
40
73
28
28
14
38
2
126
107
82
80
99
16
17
10
119
28
24
38
94
103
40
97
56
31
123
62
122
25
121
82
8
7
38
63
94
101
59
93
40
47
3
72
81
104
57
30
124
80
63
122
71
6
30
78
111
39
86
116
120
8
4
76
44
31
107
6
38
69
46
50
89
10
48
42
18
65
26
92
82
37
50
11
88
82
125
43
92
20
8
34
65
122
52
90
34
101
76
123
24
106
54
72
16
39
69
116
24
4
58
4
80
60
56
31
104
94
47
42
116
19
23
19
47
92
40
11
80
17
116
58
68
100
55
2
104
74
65
98
117
43
62
83
118
89
118
109
21
124
23
48
37
84
8
27
31
70
11
56
5
50
53
68
76
49
83
18
41
58
86
97
15
102
81
34
31
49
109
90
107
99
64
68
123
18
125
0
84
50
99
32
18
71
19
69
91
109
41
7
40
7
125
44
1
64
19
46
3
117
72
99
101
61
125
19
49
40
60
56
80
54
63
98
19
39
4
124
121
81
55
24
75
64
56
94
32
75
12
71
29
126
33
119
16
19
43
18
95
108
87
88
91
120
104
35
104
91
16
107
35
10
78
105
108
80
19
61
43
123
2
64
115
112
55
103
22
100
40
119
83
85
30
110
117
66
24
51
10
62
73
17
33
27
73
126
80
20
16
117
16
117
82
2
41
46
13
103
119
121
34
113
125
111
9
127
110
33
49
30
20
46
15
81
66
48
123
94
83
80
80
67
32
97
18
36
30
79
52
15
19
56
32
53
115
23
1
14
64
50
94
102
109
39
98
115
70
28
9
57
41
110
83
114
107
58
115
121
122
19
3
18
69
57
7
30
58
43
32
54
42
63
17
124
36
119
56
80
59
61
10
43
101
68
34
45
111
66
100
44
0
107
17
80
29
77
65
121
34
21
91
18
15
52
127
119
82
119
22
49
51
21
126
117
67
88
3
40
79
26
68
42
49
51
84
31
102
106
21
19
83
89
1
13
80
5
47
118
77
44
61
74
53
96
72
77
73
90
106
31
12
90
21
39
105
26
51
106
112
105
20
46
120
16
56
102
6
87
34
21
46
111
56
52
103
88
13
64
33
41
7
39
13
126
2
114
93
51
45
10
58
123
75
92
44
66
75
85
73
114
87
75
118
11
36
29
11
32
125
29
13
118
40
72
115
30
116
97
89
85
81
101
89
90
118
122
96
117
126
110
96
25
110
127
93
76
34
15
59
110
60
43
67
19
53
59
55
10
80
30
78
124
12
13
28
3
62
60
6
73
2
124
46
56
28
58
60
61
37
73
5
50
101
8
2
100
64
124
70
12
20
38
76
66
74
122
13
57
59
72
117
120
109
125
35
51
40
40
74
112
15
97
35
111
92
62
36
