0
0
21
21
21
21
22
22
22
22
22
86
106
159
159
159
159
277
307
372
381
505
505
505
629
629
629
629
629
629
725
725
725
842
902
902
971
1032
1123
1190
1190
1216
1216
1216
1295
1352
1352
1371
1371
1371
1456
1456
1572
1644
1644
1644
1677
1785
1785
1805
1908
1931
1931
1985
1985
1985
1985
1985
2006
2023
2044
2044
2087
2087
2087
2210
2210
2210
2210
2210
2210
2210
2269
2300
2344
2344
2360
2437
2521
2521
2619
2619
2619
2619
2619
2725
2725
2725
2785
2785
2785
2867
2867
2867
2867
2867
2962
2962
3059
3059
3124
3136
3136
3260
3303
3303
3403
3462
3536
3536
3538
3538
3654
3654
3654
3755
3829
3956
3969
3969
4075
4075
4075
4141
4141
4141
4141
4149
4149
4232
4232
4232
4327
4327
4391
4391
4391
4391
4391
4405
4497
4497
4497
4497
4497
4598
4652
4652
4652
4719
4839
4918
4926
5007
5007
5007
5029
5029
5029
5029
5029
5029
5122
5174
5293
5293
5293
5352
5417
5417
5491
5491
5565
5570
5680
5680
5786
5786
5786
5864
5864
5955
5955
5955
5955
6001
6001
6001
6001
6093
6185
6185
6197
6197
6197
6197
6283
6404
6404
6404
6404
6413
6465
6536
6550
6550
6607
6727
6797
6825
6825
6870
6989
7089
7118
7154
7154
7154
7154
7222
7248
7315
7315
7354
7354
7354
7354
7436
7436
7542
7542
7542
7658
7688
7755
7755
7755
7879
7879
7886
7886
7886
7938
7954
7992
8073
8125
8125
8141
8169
8169
8211
8306
8306
8387
8479
8556
8556
8556
8632
8735
8735
8807
8807
8807
8807
8900
9018
9026
9114
9239
9239
9265
9265
9265
9330
9333
9333
9333
9352
9353
9353
9415
9512
9512
9512
9512
9525
9525
9632
9722
9722
9725
9725
9725
9725
9771
9814
9862
9917
9917
9917
9917
9917
10012
10012
10012
10111
10221
10221
10339
10451
10451
10451
10451
10451
10519
10519
10519
10519
10519
10519
10519
10519
10519
10519
10519
10519
10519
10519
10520
10584
10584
10584
10584
10584
10682
10682
10768
10768
10768
10768
10833
10939
10939
10957
10957
10957
10957
10957
10957
10957
10957
11045
11045
11094
11094
11171
11171
11171
11222
11222
11222
11222
11222
11222
11222
11279
11279
11296
11306
11334
11334
11409
11409
11505
11598
11598
11635
11635
11666
11666
11666
11666
11685
11730
11730
11730
11852
11852
11852
11852
11852
11852
11969
11969
12048
12096
12096
12096
12162
12162
12162
12194
12264
12382
12382
12382
12382
12382
12382
12407
12504
12560
12560
12676
12778
12778
12891
12891
12891
12911
12911
13030
13030
13034
13080
13080
13132
13163
13163
13281
13307
13307
13307
13403
13441
13464
13468
13500
13500
13500
13557
13587
13587
13595
13595
13663
13663
13667
13704
13788
13813
13813
13813
13813
13813
13813
13813
13813
13838
13938
14036
14087
14106
14106
14106
14163
14180
14180
14269
14269
14331
14331
14331
14360
14360
14360
14457
14545
14545
14545
14545
14545
14603
14723
14807
14807
14922
14922
14922
14922
15014
15078
15078
15190
15247
15331
15331
15405
15405
15408
15433
15476
15476
15482
15554
15603
15603
15603
15603
15613
15661
15714
15714
15820
15820
15820
15911
15944
15944
16001
16001
16082
16203
16312
16312
16312
16312
16419
16419
16419
16529
16551
16551
16555
16583
16616
16669
16669
16669
16669
16669
16669
16669
16753
16853
16853
16934
16934
16934
17004
17004
17116
17116
17230
17230
17319
17355
17355
17355
17388
17465
17515
17570
17608
17662
17745
17816
17923
17923
17940
17981
17981
17993
18021
18021
18133
18133
18204
18252
18252
18252
18293
18293
18330
18330
18330
18456
18456
18565
18631
18631
18631
18747
18772
18772
18772
18880
18919
18940
19038
19094
19156
19160
19228
19318
19318
19318
19342
19408
19408
19408
19408
19423
19423
19423
19423
19510
19624
19730
19730
19730
19806
19932
19972
20073
20167
20167
20167
20167
20167
20218
20218
20255
20310
20312
20312
20362
20362
20362
20478
20478
20527
20594
20594
20594
20650
20736
20754
20754
20754
20754
20849
20862
20947
20947
21061
21061
21151
21218
21275
21340
21459
21459
21562
21562
21562
21562
21562
21562
21689
21773
21851
21851
21851
21851
21959
21959
22040
22166
22288
22306
22391
22391
22422
22422
22519
22519
22614
22614
22614
22614
22614
22689
22689
22788
22788
22788
22862
22862
22921
22921
22968
22968
23091
23091
23091
23091
23091
23091
23192
23209
23209
23209
23209
23215
23317
23393
23393
23393
23400
23508
23601
23604
23604
23604
23707
23707
23826
23826
23826
23826
23949
23949
24010
24010
24010
24010
24010
24035
24035
24102
24144
24270
24270
24291
24291
24391
24488
24516
24557
24661
24661
24661
24769
24833
24949
24949
24949
24949
24949
25074
25074
25074
25130
25130
25130
25130
25130
25130
25130
25182
25205
25205
25205
25226
25245
25300
25421
25538
25622
25622
25622
25622
25662
25735
25763
25763
25791
25805
25805
25805
25805
25843
25843
25843
25845
25845
25971
25971
26078
26160
26160
26160
26240
26240
26240
26339
26339
26355
26355
26372
26372
26372
26372
26372
26372
26382
26501
26529
26553
26553
26553
26553
26591
26685
26788
26828
26828
26828
26828
26925
26981
26981
26981
26981
27012
27135
27135
27135
27135
27135
27135
27197
27319
27319
27344
27465
27465
27465
27465
27465
27465
27547
27547
27547
27547
27555
27555
27555
27555
27555
27562
27600
27663
27663
27663
27757
27858
27858
27917
27917
28010
28050
28097
28097
28100
28172
28253
28253
28253
28253
28253
28357
28414
28414
28444
28444
28444
28444
28444
28568
28568
28568
28568
28568
28568
28648
28711
28711
28711
28833
28833
28904
28904
28910
28940
28940
29018
29129
29129
29168
29254
29370
29370
29370
29370
29370
29490
29490
29490
29498
29502
29578
29578
29578
29622
29653
29653
29760
29766
29766
29766
29766
29804
29804
29804
29873
29919
29969
29969
29969
30058
30068
30116
30116
30116
30158
30158
30176
30176
30241
30267
30267
30267
30267
30359
30359
30359
30441
30478
30478
30528
30539
30539
30627
30627
30627
30627
30627
30627
30709
30834
30877
30969
30969
30989
30989
30989
30989
30997
30997
30997
31031
31096
31218
31218
31218
31270
31270
31270
31360
31360
31394
31495
31571
31694
31694
31694
31718
31718
31718
31824
31878
31878
31878
31878
31878
31878
31878
31878
31878
31950
31950
31950
31950
31966
31966
32005
32074
32190
32214
32214
32218
32276
32280
32360
32360
32360
32420
32420
32420
32420
32476
32476
32476
32476
32476
32476
32476
32476
32476
32476
32476
32507
32611
32705
32752
32794
32794
32910
32910
32910
32929
32929
32929
32952
32952
32952
32971
33018
33110
33110
33150
33150
33150
33161
33161
33161
33161
33241
33258
33374
33374
33374
33374
33432
33500
33500
33600
33600
33655
33657
33761
33835
33835
33900
33998
33998
33998
34115
34115
34158
34220
34220
34220
34220
34220
34303
34421
34421
34421
34421
34510
34628
34737
34737
34737
34737
34737
34758
34882
34882
34905
34905
34953
34953
34990
34990
35074
35074
35082
35109
35140
35210
35221
35221
35277
35282
35332
35332
35332
35332
35385
35453
35529
35529
35578
35578
35661
35661
35679
35679
35679
35720
35720
35720
35720
35720
35720
35778
35778
35778
35864
35864
35864
35961
35961
35976
36078
36078
36078
36159
36159
36159
36159
36193
36193
36193
36224
36224
36224
36273
36273
36382
36472
36579
36678
36742
36810
36810
36933
36951
37076
37076
37076
37160
37210
37210
37309
37309
37309
37341
37341
37341
37359
37359
37359
37359
37430
37430
37430
37430
37449
37518
37609
37718
37718
37718
37718
37718
37718
37759
37766
37806
37806
37813
37938
37982
37982
37982
37982
37982
37983
37983
38047
38066
38112
38115
38115
38232
38232
38304
38403
38403
38403
38403
38504
38565
38690
38709
38758
38798
38858
38914
38994
39048
39111
39111
39209
39228
39228
39267
39267
39267
39267
39267
39267
39271
39271
39395
39516
39516
39516
39516
39516
39597
39597
39652
39652
39676
39751
39751
39815
39815
39815
39815
39815
39871
39965
39997
40072
40084
40155
40155
40155
40184
40184
40310
40343
40343
40343
40343
40343
40343
40462
40462
40478
40497
40497
40497
40540
40558
40653
40761
40761
40848
40848
40936
40936
41027
41147
41147
41251
41251
41251
41286
41286
41286
41286
41286
41286
41286
41286
41390
41481
41497
41497
41604
41639
41639
41649
41727
41727
41832
41832
41940
41940
41940
41940
42020
42039
42100
42143
42266
42266
42268
42268
42268
42268
42332
42332
42447
42447
42559
42559
42614
42614
42614
42614
42614
42614
42614
42614
42717
42739
42739
42739
42739
42839
42839
42879
42998
42998
43081
43081
43081
43166
43166
43166
43196
43196
43196
43196
43196
43196
43306
43306
43423
43489
43489
43513
43513
43564
43574
43636
43709
43709
43726
43759
43786
43786
43859
43859
43985
43985
43985
44065
44065
44085
44085
44101
44101
44101
44101
44101
44218
44234
44351
44351
44433
44433
44435
44476
44522
44535
44638
44757
44757
44878
44878
44878
44912
44912
45025
45025
45150
45150
45150
45261
45270
45270
45397
45397
45507
45540
45540
45540
45589
45589
45589
45589
45589
45589
45589
45619
45619
45639
45639
45639
45639
45685
45685
45685
45700
45700
45781
45781
45781
45847
45847
45847
45895
46018
46018
46018
46018
46112
46112
46112
46195
46275
46355
46422
46454
46454
46551
46551
46569
46569
46569
46569
46605
46635
46714
46766
46781
46781
46781
46781
46781
46781
46781
46800
46856
46856
46856
46856
46888
46941
46941
47056
47056
47056
47056
47056
47056
47079
47079
47080
47094
47158
47158
47208
47302
47302
47404
47513
47513
47552
47650
47765
47765
47835
47835
47863
47872
47929
47929
47970
48080
48080
48080
48080
48080
48163
48163
48277
48384
48442
48557
48678
48800
48819
48819
48819
48822
48840
48909
48909
48966
48966
48973
49003
49003
49003
49061
49061
49061
49104
49136
49190
49190
49190
49232
49295
49312
49312
49312
49436
49436
49472
49472
49591
49647
49647
49727
49786
49786
49786
49786
49786
49847
49847
49857
49900
50001
50069
50103
50148
50259
50325
50425
50469
50469
50469
50576
50593
50673
50702
50702
50779
50844
50844
50844
50965
50999
51020
51020
51020
51020
51020
51020
51020
51111
51111
51129
51129
51144
51196
51196
51323
51442
51524
51524
51643
51643
51665
51665
51714
51765
51786
51912
52029
52029
52096
52096
52096
52184
52184
52184
52187
52227
52306
52306
52306
52332
52332
52400
52442
52491
52542
52542
52542
52542
52626
52657
52759
52865
52865
52865
52865
52865
52886
52905
52988
53077
53078
53091
53091
53091
53091
53091
53091
53091
53091
53171
53176
53176
53176
53223
53223
53223
53223
53341
53418
53462
53462
53462
53462
53523
53597
53650
53650
53746
53818
53895
53895
53968
54058
54164
54164
54164
54195
54195
54195
54195
54207
54207
54297
54297
54318
54357
54462
54462
54462
54462
54488
54539
54645
54645
54757
54757
54757
54862
54882
54928
54928
54928
55048
55064
55120
55222
55228
55315
55349
55349
55370
55416
55416
55527
55527
55527
55527
55583
55583
55635
55635
55635
55738
55826
55826
55826
55839
55839
55903
55936
55936
55936
55936
55977
55984
56023
56023
56036
56162
56162
56162
56162
56162
56162
56164
56164
56164
56164
56164
56278
56278
56278
56371
56422
56467
56467
56477
56535
56658
56733
56825
56869
56935
57010
57095
57168
57282
57282
57369
57369
57369
57444
57444
57562
57573
57573
57609
57609
57638
57649
57681
57681
57681
57806
57835
57848
57966
58006
58078
58078
58193
58193
58223
58223
58223
58339
58339
58436
58525
58610
58691
58691
58691
58691
58792
58792
58881
58881
58971
59089
59089
59211
59307
59424
59424
59550
59550
59660
59660
59660
59756
59781
59891
60018
60018
60111
60111
60111
60111
60187
60221
60236
60295
60295
60295
60295
60405
60465
60508
60508
60508
60508
60575
60594
60647
60706
60706
60706
60706
60761
60761
60771
60851
60851
60851
60881
60959
61083
61083
61095
61095
61108
61136
61139
61139
61139
61139
61201
61261
61261
61267
61267
61267
61340
61342
61342
61342
61342
61466
61512
61512
61512
61568
61596
61596
61596
61654
61714
61775
61812
61885
61890
61940
62041
62049
62051
62151
62151
62215
62215
62339
62409
62409
62421
62421
62421
62421
62441
62479
62555
62621
62621
62695
62817
62830
62887
62946
63018
63135
63255
63364
63364
63489
63489
63524
63524
63524
63524
63575
63575
63615
63615
63655
63655
63655
63655
63729
63729
63729
63841
63841
63856
63953
63988
63988
64099
64191
64191
64191
64191
64253
64289
