2456791308
3002071115
3229283230
2485042277
2798836011
3105524701
1473977739
3311123453
1429651196
2355228352
2910977734
3830317539
2305344181
1205385957
1671832994
2366968125
1512903456
374940363
531631182
3036712057
1487770186
2680409179
1904970994
671965395
2500627740
3543945587
879152996
2495326882
400313576
2441195849
1239307853
2857104885
3295783317
2321107435
1047179866
1799652032
1131664841
2521157605
2963291837
2561316037
581418662
3726785923
2096666281
2886762843
2784688232
1621015628
958763673
2150108041
1995955991
1490394856
3039336451
3483726177
2023320387
2796823797
2008207925
2376464480
2045802089
739877273
2724307714
2446115665
1033589475
3963615568
3155736902
2181889144
1989755707
2055433121
1834057529
973936901
2429107078
502382070
3535252938
3010525741
2081684346
1336951924
1602321289
571405283
2957967553
2561084963
2721513324
2806439896
1903996171
1465882479
1995198779
1779832911
2115222630
4003406704
2008813743
2013541071
448316682
2585637809
2312173089
1481906157
2254286081
1172942696
1516311654
2096558141
1080892169
1202885535
3070495042
1362515601
1705267605
2310780686
2225557694
1639468304
1500248962
1680395335
2210873588
2310732867
2093996650
2784903264
2969689116
1850509174
2103302097
2817404247
1482858437
2071041079
2525843656
3491672180
1937098502
2974160338
1782342694
2101787943
2308582848
1889145127
1127246992
1677410854
1838219620
2208139162
732812742
2761231016
3570654763
2438080348
777044406
1501245162
4077548652
2277293368
3181640497
1993454944
2440542588
3128153501
2630874562
1115264408
2831179027
2586693011
1785185008
2166553817
2510250442
2163545016
1363258701
2299865296
2990221706
3145601395
2254169592
1003837258
739779227
1233932937
533764466
2577998847
1294588451
1266577208
1044262567
570275919
1557173908
1821306973
2071521081
1339755266
1951116694
3105677930
3333210210
2244175634
1938864135
1669117476
1211956395
2622559515
2108326839
849657755
2641629684
2471093633
865719123
4004888385
2623475282
1708457181
2855522485
2730161227
564810792
1447818064
1816610516
1098575258
1878333264
3111198967
2365152467
775112184
1533991238
1774842727
2596419158
1458028671
967114345
2400052205
2416222954
2152840909
2496744191
2207603442
1674474737
1561216938
2682679310
1635317930
2410874693
1029341698
1958927915
1129110168
739262788
2434919550
690083701
1447301625
3017597129
1254894494
747636042
539240349
2353469752
2625969307
1502955669
2571138571
1253597843
889463259
2198497652
1702533353
2347491931
3165611997
1955101910
2616231237
3170969258
2304362454
2676351031
550476701
1718095744
3211546693
2185794631
1981486790
2093404744
1997238898
3110596958
2832667533
2284674801
1653197013
2132485510
1007304634
760607859
2880121553
1546544984
3114077612
1211123564
902017005
1390248888
2464721408
1791480264
1441262892
2019771113
4138972195
2459391242
1827389377
2460236137
3482876853
1984268183
2989103521
1885869906
1554880280
1905682919
1924180889
1388883422
1851604015
3921419788
2351996734
389304252
1911127294
1857710099
2521789764
2918431928
2618317958
1106944021
2317493265
1437428274
2318067586
1072026622
2827677163
2635305346
2863506888
2121456407
2507592811
2707511787
2433364002
2187498540
3020264277
1621273560
2024283076
1714400503
1359659818
1431679709
3620083422
1136357060
2820563131
3324203790
762809552
3025076217
3713508043
2673936846
2735302668
1940330511
3444885127
1058653331
3047274533
3614894745
2496081606
3217858471
391954071
1028791473
3705680169
1107977311
1002764234
1918305684
1668005452
3436128236
1958320578
2540786081
762434500
1835120006
2107702936
2122094319
1119316067
1432819062
1110967731
1792395551
2609539205
1873777283
522504473
2028079953
2400230482
3257807142
1820926816
1550148313
2168976825
2720717701
3017559410
2517574784
1643608876
3409513482
1398882610
1054321749
222523498
2401646844
2972627434
1890528950
1542807785
635980716
2283831383
2305242285
2471100723
2244050672
2279852956
3590416790
1529386087
1243337039
1087845045
1991441644
3117114322
1610349519
1872037949
3369861156
2720673014
1545481118
2772525822
594682543
2118715171
3642601584
3112257328
3762324048
2757147771
2363656291
2669162149
2979671270
2617819487
3494305936
2722716572
2013143624
1982803004
2859064308
2170902262
2306420079
808147684
2303271570
1601869574
2337533772
1399124962
2689714620
2181491769
221271988
2152580491
1906046071
1443649498
2725769857
1304043541
2068691672
3320452402
1275275066
3563809609
2137742434
742631818
2025990085
206431429
1264310320
710694059
2824250917
2611132609
1285926983
542427245
2446451965
1997507643
2713329507
457904750
2805655329
721633782
2059774324
848221805
2120758744
2602005296
882229926
2342030732
459618493
2788275998
1638196582
1037904702
4092319540
3706888255
2210873456
1072627310
2975730569
2201132243
1815259128
2854237006
2407563672
932085801
1417447417
936847293
1395734762
555890752
1479274539
1694703080
2553398396
2045120398
2152607830
1064086429
2766754180
2064898507
1912308234
2740029276
2519420155
2794538162
787092714
2979038648
3435330512
277805648
4016943352
3232682756
1837210256
1932849512
2157826419
2665457177
1986498108
1825601900
1224726887
2246578133
2757687701
2642174304
3183425427
2005938816
3198065056
2515216318
1553158249
1456496157
2412853070
1558282431
2520582586
3032123602
1475697290
2285407174
1477185584
3995117446
784978040
2264278298
2679188799
2072824904
2542083946
2401164855
3158024013
2231810555
2186530720
3168366784
2749784084
4173028828
2846485037
3974510972
2124639666
3456689091
2321717980
1013097798
3315144260
3372299390
3528314116
2720818861
2681311899
1646199890
2131617644
906927190
2530839846
1459831287
1044850716
1860541782
1159981437
1829828756
1977336432
3839170236
3902653661
2371936730
1945367796
2765710378
2456263638
1984414869
1639109867
911080427
1862476401
190627609
2738107752
1839632420
3647316700
2912342084
2852730218
2667493664
1989674178
2086077039
1093345229
2523502430
1584793282
1077479226
3430429621
1968149480
2537310513
2327796689
3828691262
1549808302
2010141798
3658544046
3241494891
3765311811
1735513481
3039379039
2236054893
2044293471
2876310260
1727681112
2955373899
2591303015
1918308721
3545998003
2283451787
1270658126
2163372792
2988698358
1790668142
2005563323
2927291749
736529724
234098458
2364601383
1814008950
1517044431
2185267216
2203835815
1697357472
1718991182
1606160470
1560015622
1082567933
2700171713
1030360137
2818081415
3592067105
1118931382
567407590
2173410070
2846612496
3522781490
2617229437
2617437569
2773812197
605713928
3888095696
642217694
1446928638
3531280191
2647781018
2226736740
2120326268
2881879476
2443854476
3934335218
2251440259
2481638045
1843203738
3948797731
2053145579
1301880560
1213846058
988229865
4002052273
2244206195
1658827632
3299152082
3363137578
2226235223
1177594857
1914782778
3601533066
3794824294
2384736700
2080377967
2253054576
1977865100
2722595662
3699983214
3361661644
3222893032
1631752659
3334504264
1809805212
1928123488
2973872186
1913761823
2262277885
2669592276
3715075906
2167939816
1823989188
2781438316
3156169682
1531074166
730677216
2667513666
535258953
1946331147
2746265242
1712853810
1713630277
2052831012
1212710810
1950883329
1985725332
1318281738
1781264783
2560837347
723297656
2995442779
1488763083
2355050316
2034979748
1151084648
2135690156
713884638
917362823
2250484393
1235993268
337471434
2270940562
3059982456
3118909751
1132142949
296089327
1702103320
1652172967
831348281
3648434467
2250954562
2544202091
1067097448
2156301926
1609429253
3017980778
4142027259
2927710991
2651761913
2407897310
3651008649
1352237396
1749176745
1711091669
3387217144
752777745
1699298178
1953618136
1670140569
3949782571
1042127756
2007612004
1925755837
1954626564
831554459
3057898786
2250715892
2533657779
2562588107
934580525
1887124950
2666059021
3478782617
806738751
2674877300
2940728223
3824719529
2521937264
1573471919
2181514147
2782350926
929513272
1386267895
236560376
2640604941
478517745
989338122
44935823
2432135881
2659478692
3994718395
1326779989
2519607048
1625506937
1133922905
1203677859
2535922076
1237155150
1589851991
2951026535
2171735675
1329493293
1322118261
3503034645
2136232044
1849511913
2148795573
1665984277
2223965529
1574783844
3847498424
2858832808
2504297117
938799025
947909536
2997418410
1417316770
1937247658
3042354235
1701969003
2449242702
2742105334
3028748992
2821366102
2220128623
2015188249
4025043962
2608567052
3252343400
1319928657
3412109939
3276595428
2649421950
439260904
2484662777
2638170347
2288772818
2485974702
2156670977
2365254699
1913274899
1709202106
3076603859
2270088368
500517483
1877029748
972539483
1917834253
1666793759
4014893718
1472319608
1968552814
2462031757
2353584952
2642435269
2534676732
2221289554
2372511935
2995760137
3326149306
1544956945
2112902781
2307777439
2046895248
2552163686
2644956569
2537581948
545969209
2983447624
2546769277
2911223908
2749238876
2108487735
1692860473
724359948
2609005219
1422406573
1696899431
231872176
941716684
1416825854
1704191785
2910269499
3878857611
1910293089
1257737473
2118567048
1984098996
1482765760
2966843538
3162764655
880239058
784779023
1175574798
779650659
1189459061
1673047720
3317232607
1735428270
2509011697
1569034588
2499168532
3110766925
1530038676
2044545357
3835126873
1991560247
1319468282
3384542657
75948777
2261184967
506401215
1780140562
876487171
2237775179
1542950004
2134224644
2208858580
3527049001
1469506756
880734822
2394846360
2349745815
1665513845
1422937511
3129396474
2854972907
3095985232
2151661785
2442917530
1310029633
1573212726
2794602414
2273312910
3103251402
2691664123
3960956135
2947328002
1863648758
3050531496
3023276779
1977350077
3556932713
2655933694
2853837248
3647224244
2051400050
693094596
1561115528
1283481755
2162601353
2441850350
1530844467
2364863520
1959880547
2953781979
1199292699
2667369807
3902283563
1203470836
815320042
917345900
2776683562
3609922456
1043175162
1584967669
2006619284
2856647649
2384812024
1722784394
1612211851
1113121507
1552650823
874177268
1621571553
2259004424
2373917864
3672971603
2952099020
1787549745
661486063
2967216725
2081916447
2192330531
3184596599
1894313347
2998628862
2236405650
2414199507
2605945130
3439876487
3229519549
1375807382
1921592754
2544474709
2418982545
1359076775
2403610345
3128146547
1596405151
1978911091
445391102
2709526659
1384078266
1319568370
2183614564
1495599042
1546002587
1561618873
2300214415
1186068684
2223104936
3119947493
1120501483
2267951819
2009576796
3014814830
3119097035
2098498798
3281530689
1430074869
1243407990
2216082942
658398604
3165000745
2613074004
3077381149
2376593872
721717053
1910560401
1825515377
2700628145
2355951503
2387558388
1937222764
1528036226
2423689305
1285338159
3074038813
1837824530
3585552574
2112623849
1913445819
2410532772
3233125332
2033913990
2272625920
1952972868
3005527377
2223641072
939536261
2288118599
3467049062
3155619205
799033556
2337082511
1473725913
3876414705
2566192736
2195442967
1492007811
2244224465
601103816
1700475667
2484299205
390842933
1081028246
2760504863
1676181093
2007583411
2450845745
3114250019
1972723613
2216807916
1229815496
3058365297
2103238260
3502441417
716370869
2961281989
3578598841
1655907132
3101916941
2750680608
516559041
3900950497
2940279471
1990284954
3482397907
3358988559
4185727921
2826922071
3455729377
2639348091
2379914090
1645061287
882707376
3460942336
2258082502
411404821
1173558452
2561444601
1378171193
998798417
2630768869
2607986689
1909680066
2586523481
1815460811
2626050937
3400321824
1099092356
2134474421
2207271469
1702289316
2651033462
1813254671
2495085140
2493834768
3148168930
1559106404
2384595394
3827607353
2867352134
2876459837
1912554147
2364929773
1611683565
1078529188
2475528628
2023088387
2252087640
742005933
3401259581
3250886057
1225291155
1714278974
3013082476
1664330989
1382256138
1344166117
769685517
2481348495
3478640538
2976956987
2036154164
1834706704
2642728010
2383755656
2181057824
3643413292
1795378413
2418169571
3176053350
2515246899
999662112
793640201
2732693025
463862031
1872169390
3060738005
2486950418
1976773382
1655260291
3740726351
3080175792
733067798
1160038030
1798290973
2397398787
2542294168
3142457090
1019600657
2876159016
2326130333
1849073996
2764829533
4160837037
2344318358
853617893
2046927566
1692764355
2648996307
2317613490
573850409
869275910
3317275602
1367490610
3601968935
3781137633
1092176353
2367739645
1973120756
921466088
1875516288
3566363459
4001641881
2608584087
2578917842
1504965558
2858499226
826244715
352455352
3878099884
3702403731
2678585685
1432206584
2172265968
2544455427
1629041295
3025883863
2443899345
3321805650
1379912874
2614029187
1748172411
2249188785
1636337494
3115663022
1556190425
1122507832
2060355728
3923930070
3095628589
2981821816
1504479063
2367024752
2688496401
1965579502
650975299
4193461959
529111433
1477220015
250950016
2259727669
884656450
2929535701
3691934255
3056922420
3326507480
1026008254
1787838987
1475439529
2200330257
3167751861
1941985069
1801019020
1121973350
3578322564
2769198394
2678163776
2553346748
534586826
2307126551
3501491689
3516408643
1664121967
1573549146
1909937748
1482217821
2224524445
1808432412
2011329254
3701744460
2059382428
2123573277
2438917264
2841434481
1520540236
1200872388
1872974666
2546548490
2988711375
3348414196
2599395099
1861495940
3142915618
2252930472
2983469291
2426270886
2874645218
3514149420
2832133986
3409232046
1526308675
2038658380
2630673393
3190430642
1464723878
2393127494
2525164816
3689248324
2054076258
2389010422
3096025489
1965975039
2365100051
1239975457
2659925873
1738156639
2440847845
2385416892
2137221482
3282075572
3586347440
2589132933
848604217
2434295762
2694579757
1684589860
565599352
3421741329
903771984
1250249690
2536006079
2430080659
3288908070
871712176
1325544006
458664653
1117356022
1703225174
2000429330
1023948634
1944751949
801487523
842440025
2162368353
2041462981
3502365898
1753041345
2334827178
1592815494
1742779179
1321935455
3031679287
2184428466
2170539672
3318491401
2731524575
1707645884
1736607106
1858298608
2611417869
2986856797
2246821039
2894014880
1980797572
971049568
2072075239
2439462226
2088405591
1627816765
2292407908
3112354225
1425085067
3093895431
1807310602
1439969773
2987874764
3162192854
3193011118
1027734647
2607524700
2788306650
2349670102
3491720340
677767820
2372726126
2515244446
1261808748
1932888362
2104367905
3120107357
2396822583
2943741054
3219444749
3143353816
629571330
2043010670
920461760
3069033556
1983932613
2548278525
3213957816
2948803191
3973363593
2012885952
461146497
1118366070
2853277068
3623339351
2163893541
1733528067
1935896757
2804716543
1935714521
1132649801
1335000716
2160956999
1500410599
2596809464
1946361714
1457294856
1421949525
2195700649
2253552263
2493910627
3191570818
735639946
2389437649
1964548930
1657189855
2225886615
2365343808
2723664024
3027206158
2043740106
2589066328
1340869007
1014622528
3294859750
2816724712
1031032421
733420521
457654173
1688265316
521651396
1590303974
875782384
2682608395
3090714574
3472591849
334002814
2400525783
599574079
2529703464
2506594398
3093484706
1426306986
3242234345
1187955060
3390855917
2751940553
3413841675
1461232430
3328120929
2146080537
1357488888
1622219962
3486949545
2372111416
2769596064
2008706961
1255660190
1355532938
2466361134
2943925506
1877184334
1909181460
1672224244
2412309082
2852412387
2997332445
2746311897
957970875
1449422876
981048065
1317081625
2395423936
259871404
2411832323
3583378996
1503243673
868805580
2702253376
2964476103
2049442862
553366617
2174481343
3671662824
1892832514
2399109112
2146291593
1754055828
1507285654
3501824531
2072933314
2303727513
3231525218
1834631128
1828468109
1348867004
2539559867
530833258
1947695253
1350047094
1980256136
781259670
2667128720
2228196424
1041131075
2931477395
3664091772
2544374749
1652799328
2071377852
3361367205
3702242190
2624744470
1240881253
3078937719
2370093336
1492506718
3077745664
1976665517
852308724
2284602899
1902115184
1008552589
1221160821
3736746312
2837020699
2570027825
1981338884
3367853958
2370239431
3331385978
1053142798
1004015454
1703547402
1133855574
2045146529
2487541151
2650463699
2442037631
1992856831
426874255
1508437541
1400131726
904135077
601835146
2331585797
1126744766
2094341864
3261847813
3103410284
2946650589
1251483416
710558172
1807719530
2472644238
2299820837
2497256582
2895188415
2133676073
3717626893
3117944199
3317578403
475802395
1974476006
726158510
1609657970
1872138887
1066216013
2112638021
2166692871
3059072845
392028628
1527646764
2311720923
1296163706
2129481911
2495823072
2422908472
2076340127
3610187237
3378835108
2875507068
566703357
1941909632
2535742951
3039347595
2094246821
2885515886
1639568715
2080439246
2308175483
462545619
3250534002
2783977878
2437021625
3976692513
2246152200
2161676864
747941230
2211306573
2180886088
3807014075
2603335202
1561049204
1823767702
1752015260
3690531115
2172107126
2027440084
1471903947
1487327067
3258791545
2199927367
2054030424
3053217529
2588186671
2945894372
852497056
1178735261
2437979440
785452654
1339427096
2900525059
1888503009
1975921326
1042579388
3717711874
2074589879
3204256252
2318169456
2138412804
1090175045
1830216236
2594264358
2651224250
3653983938
2198795970
2046788070
1531123769
2078752407
1371208369
870967188
3190060304
1423652090
2924997614
1948310538
1864355113
1575924690
2800807594
3043090375
1866420482
3586260249
2235033823
471978245
1179795963
2063471502
1514557633
602540541
1990577733
2571330238
773226350
1981506891
3661505283
2603442586
2428287601
2017762238
1962459230
2479599925
4064550309
1346099351
2410868684
3288275030
2217066540
3453445341
416959824
847096858
1106788583
2281314938
2423021549
1760112530
3176921665
2141958383
1051405483
3264471840
2613936629
2231201446
1032976047
1981010614
686258340
3023553781
2404857204
1459484690
2857577024
1771395193
1915443629
3138380978
1641673783
1730419211
1323013607
1411256796
3076518563
1586398643
2552048179
998617807
2892360336
2969008004
1845714666
1851665272
955355646
2121252567
1464294154
1984793664
2115727302
2515699638
3101781857
2582180283
2599417436
1987274256
2415707250
1138192128
715860742
525597158
2597676818
1425954118
2296992351
2365636800
269367801
1791182487
1948572363
1592381408
3202439283
730123630
3178780053
1459520167
1728741438
1776173093
2281044524
1426972456
1480354718
1088916522
1400741375
2944648872
926226539
1368985029
1165381214
1880524749
1803681665
1617315003
1720315357
2071905267
2755507131
2436176100
2597502426
3205700303
3862130219
2747011130
3423853455
1984014372
243226322
1077458523
3576395782
3445665605
1807582154
2460208539
610218477
3536323592
4236381632
743779353
668328753
1421769055
1832695876
2069070128
2218934280
2758922415
3438055159
1236831847
344479868
3094253176
2854146850
2064795227
871191148
1314686687
2353487679
1321209926
2372903342
1920650602
1920737408
3649273149
1757181328
2163963730
2579248024
3186093462
1314662041
2239346531
1351334705
1924880518
1480702828
1292749041
2668659872
2149031582
2714518097
2353872100
2070618062
638485082
2965310868
1213705925
1875316929
1162307089
2160475454
2581980132
1079618668
3031666602
3896666819
1285622699
2205392881
1974602865
1058789655
1978646641
3476392367
2815970983
1995126725
3908156743
1707097149
3309788766
1852535979
3058431854
939701988
1185755160
2203697247
1460878212
1187303094
623248049
1667266664
3257921156
1261733131
2485093885
2324143435
3137050061
1499917327
2337135241
3571546545
2579535995
3221318196
3173246069
3865158695
1131743781
3000365286
628981054
962906774
2181790357
3444952037
2958033499
1794979805
857081890
1972854969
3647515784
1768030096
2912556958
2685787296
1824243696
2225951522
1725606742
2447491745
1745734540
688560604
1561741229
2083344777
3012704039
2551307642
3583262104
1054871984
1827886892
1867830804
2128706532
2853649313
1438022203
1112966665
1559047303
2067003258
2075873440
1593354013
1216987999
2886423292
3388333818
2074069890
564310966
2740882307
3842099986
3476867924
1131702308
1371376386
1407852152
2857309051
1671384485
3153586692
3545869655
1085642066
941964173
2263606398
1489466061
2377742630
3318478383
3317352953
2098089786
3299701267
1876034970
1388628341
2265184285
3435082273
1308147951
2193574077
733468990
2525135951
2932513721
1974319160
2451722193
1349341040
2567717820
1998854883
2678725317
1551936481
3370231270
4086577469
2261761884
746648459
2945196865
1512664244
1832290526
1739677390
1628786994
1174272939
1969936372
2799781729
2344142244
1920542510
1804515701
2072693566
1161687204
1922216338
1212808543
2469835155
1968306767
1946277534
700003810
2753336841
1773113046
3151726003
1955194234
2193347219
3003097239
2486435903
1597800052
2078361214
2278046077
1712078289
2825009673
3075759294
1077258885
2509816551
2667953037
558562231
3684089490
2490405762
3358343961
1733264438
2263464625
867892366
1658474356
3425151830
2790108704
723799252
1600019689
2610931823
2670076786
2300023501
3216785016
2295706184
3304265856
877011954
2341569756
2012395800
3363447858
3939369808
1943273366
1346526639
3503964449
2620799391
2274802285
2433739686
835648647
647788027
844818270
2372254489
990710142
4203162231
1958035280
3254174767
776087301
3616509636
2384359301
1418712357
2192825240
1836895343
1882160533
2715418378
1989435196
2951461901
2863640916
3146217405
1680990209
910243376
3011129557
2896954419
554645889
659435628
2095997411
1911126691
3280235020
2223316048
2197382730
1968400020
2871104076
3042201000
2193170861
1714330570
2950395936
2003722494
2821021690
1578999589
3472748483
3057897343
850228299
3518090076
2747309038
584905184
1938541159
441776939
3536367086
2654698427
1440510697
3069873647
1417458156
156672958
1671860770
1972104045
816108587
1620374533
1735747088
1948859960
1696206935
1785646171
1769776332
2419827363
2680363524
3962947193
1986674286
1335792165
1671702392
512728680
767308106
849483580
3570626023
1617536406
2220090008
2022967766
2202441590
2011147519
2464744705
1443841381
2518362299
1757771754
2366231380
1788336807
1914444714
1890608504
1612957205
583069653
3510983037
1201220645
2531929613
912222676
839383169
2154222297
1184566392
1372263046
3969685843
3171240678
2708055211
1346420939
3683969358
1327879669
2195904519
2959628085
2945416076
2268510880
2835112204
852890371
2132174752
1004889614
2296731752
2503053404
615177721
2515479486
2143906563
2529622435
2258604342
1609380120
3112692088
1474620083
663117118
1349654406
2386842761
1502500287
1356393055
3571409153
2874763333
1031111603
2447682536
3435334896
2377532543
1836684598
2615730919
2425953415
2648829036
1266179699
2546980648
1188973945
2119070070
2531671752
2193863559
2268318176
2887241508
2809041280
2636314014
736180776
1043696420
2747434708
2345560896
2008904861
2074571143
3008678014
3358559268
2313930256
216211007
2567468675
1590372114
3090974340
1451096631
1890571002
2231341942
1681145527
1579771952
2699589213
1959615294
2081117341
3965768912
2359112294
1122607638
1789871687
595816750
3316471198
1910706215
1335574611
1830545182
2399536581
2071755387
2874241603
852003993
2269832635
588179169
779091489
3131027003
1799254789
3093021746
3347238010
2219239816
388426564
2143245054
3670336448
2278997567
2227103348
1056514679
1711285872
2779208913
3016129974
1644919565
2450010530
3227758620
2767527204
2092398570
1676091723
1789031106
1855621137
3011666334
1472092641
2107674071
2935938074
2198850596
2959678064
3058287062
2787029765
1591285905
1894346769
2438800906
389340356
3094101131
2510557076
777766921
942378890
1885926228
3056764489
1021998591
794957260
2620566713
1653723857
1663603586
2118002631
1956250739
596394910
2738046187
1901165661
2272486633
2379593646
3756786799
3136669321
1704202640
1569493574
1777640099
3903053236
2381687990
2688443513
2395115707
1825490249
2435306635
2686432965
2214830605
3381924118
902022745
2992597526
2176819361
640465326
1754394719
1051334305
1435422586
2227477785
2705058162
951542524
2197996769
366341606
1547937434
2788559308
2267507268
1672940421
3020669307
1729326772
514642446
2577388299
3298820346
2292282545
2185474240
1385541041
2833242411
2433106299
3211031290
3121065398
824571969
1130894599
2208022222
1726594715
1976008479
2237357935
2367060041
1582919550
3288692240
1654998980
1662913688
3846266754
2606541504
3860910457
2065124713
2006995292
2354502470
2185148334
3679935713
3227688129
1766991458
2047094511
1510109133
2918328156
2191893408
1548099726
2156385549
730168523
1833722377
1072449544
3851233923
510810698
2203344144
1764288849
2237405414
4179352623
1854163136
2456981808
1467304878
2995371729
1964497141
982734919
2546671187
2423554997
548678080
2464312253
2283066641
755696902
2501976939
1668035058
1835901385
2121484749
1567645921
3346010518
2892329257
1612055682
2746626596
753747512
2342224206
2432865326
1826197056
1898490833
2943676024
4029541200
3662779682
886114143
3913926528
3369459170
1195612304
1086264111
2069863603
3160109445
2068999030
2469051144
1288697146
2617677110
638396101
1424280141
1225890365
3140373041
3092315199
914308102
3114374142
2512477474
2112834973
1711736104
1977049508
2711977921
2465483616
2171790066
2997359599
2144197025
1922797252
1646068328
1878770929
1290609638
2532182471
1497730162
2512585162
1580311127
2583994273
2434965117
445453276
2505509655
609048965
1734150424
2975703117
1247445067
3158430565
2054109835
2240334460
1955778468
2968417937
3207224954
2320772294
2933769262
623993763
2150338155
3498263536
941993731
2174644574
2200655839
3086190756
4097441827
1699240520
2817478039
1093084169
2083939344
2167724553
1458185683
1516766824
2604235179
1745667154
1962220101
2962261186
2354716119
1548886877
1642997008
3602161187
412350146
1549623196
1547528351
2368128615
2370557485
2607269659
2541417262
3156843101
3231263422
396788122
2360139341
2025773506
2571432696
2413311533
816996967
2373907227
1965068406
1486991358
3466991397
1901524102
1507232264
2777693433
1270807278
1963983795
2375876939
1085543732
631277685
2583109411
2634430609
2274274693
1890303302
3046780756
3823897889
3437831655
1119942076
4046971728
1750134018
1513875690
2908847533
2833913792
1910663812
3121503226
564720002
2334612860
1239847463
1381716970
2561036440
3204915869
2868708328
1733060542
2958956324
2228456944
2363270327
2082279955
2044957091
2591663619
1020340039
2676234777
879805734
3654770650
2803025823
2770109037
2406584110
2331956417
1912973396
3526526186
2083960849
1515623766
2892918228
697841086
2202053911
2656098393
3819344313
2766773913
695743958
2911708128
2001007236
1109296751
1821656703
2722231917
2842357293
2633129379
655721566
910660324
420442038
2700678658
3502323943
1440782079
3229429788
2234646029
800585433
3884971963
2857271419
1059685895
1921961084
2622761167
291244786
1858438286
1990901286
3184163014
2556279372
2045471549
1545294112
2080656389
2664761815
2241038071
2844880871
2518285404
3350334822
2519053926
3093033673
1897724819
3004699657
3748755239
2808385143
3425141696
2154466602
2015741791
570956479
1088929094
2102904172
1371541912
678933762
2812691944
2431227807
2600894846
1140485816
2722472593
2311849485
3131387103
1611668313
2720645210
3029375004
3156962425
506334304
1399169523
1103033200
1203731527
1769971279
158400726
1575301805
2715521305
2056125545
285034166
2169309249
2717027040
3710175863
2176292203
437801535
2133648694
1117737650
2540705709
1357706959
1796671412
3205914005
1641451119
2250082611
2198916173
68956417
2414448448
3182819628
1680624730
2987610011
1917227337
2690103507
3493944316
3316396861
1645653060
2550192195
2938884493
1804053786
1978010353
1359438503
3860179332
2263044519
3528747752
2282239077
1678253087
1410072660
2720040613
1664418134
2527810310
965779026
3022125094
2176998075
2024209384
2516092565
2279597039
2075641909
2585048982
2546561839
3110977891
2118190065
3386688203
2880721580
513326277
2585665223
4049634793
2158979338
2988373770
2693551991
1815549476
2818900475
1905506846
3528245161
2934461348
1139287303
1515516943
2465230787
401876315
2088073908
1982165273
2929686626
3053852935
2856806719
811717405
2930578671
3225415637
3091314444
2858736932
1515497324
1342908989
1674747527
3633687390
434629896
260501812
4147013667
3020295120
2162652958
2011025709
1713701594
2708721301
1679091538
237634775
2466744500
3059853052
3172096123
3606031803
2427886347
3489843262
4007908119
2368476607
3324524888
2642627449
1127362246
1886364312
1306861207
1910457269
816812653
2250692004
2621710554
2332309978
1446117345
2148974434
1671030072
1880747241
2409476246
1523076444
2753558713
2424645557
3534102153
2319776661
838399563
918226395
2557411436
1157660416
3978079447
1434540263
468724923
2110998498
629416229
181665746
2331991458
3953941117
2824293195
1311870056
1545338134
1983670755
1074843678
2362150788
2086879112
1549070585
2546977118
1385512809
1550561371
2070523543
3266260051
1812553970
1446116339
1724851469
2089715880
2832734844
1897144482
780631795
1603477593
159588622
1938292211
1286589744
1594128885
2407017135
1250104596
2223545115
2588682881
3582096054
1882518936
3265492429
2746482463
3427857071
954195889
1673842493
3642524212
893591353
1075429430
1894534034
2279104162
2625990802
1817573930
1250396917
2291061125
1116206621
2975248387
2233293357
1801457819
2724909221
3013925152
1257451764
2884497844
2804733716
2544041508
2331143081
3064267203
1646662456
2407204548
1357982788
933791215
2142239838
328507921
1532790031
1275129613
1282703810
1059148876
2770170177
2176295163
2134578308
2517220564
2307915678
2613085462
2187310847
1410828948
2756662939
1156033820
2238593687
2842472648
810007991
2816019262
1561430504
2067459755
1405549810
71196924
2464017617
1589209244
3135464127
4110680073
3996413793
2345963268
749503993
1843686335
2674471190
2282294024
971332300
1809691353
1193959253
1594018830
1838502869
1181053913
1963755747
1998934900
1646655727
2003582946
1262280200
2255835019
1012133118
1353390240
2950824019
1822141111
2021925854
217287229
1742117218
3427475665
288484153
2058651187
2869201261
1276464634
1874363966
2570647758
1474944254
2623867959
119366798
2001931796
2758678336
1090699099
1664139502
1805153941
2684717930
3502642372
838724207
2500990029
3354093624
2485379934
2357089327
2468890176
2593731306
3369222445
1674796768
3397071678
3043879908
1549238975
3614358907
2638513480
681747344
1755359413
2549681019
3550948606
3031824047
2276561337
1826629068
2359284654
2752945649
1945995867
2213732802
3364140337
3036694967
1730388657
874326983
1426445601
3085547381
1713051190
1779951982
2144673709
2050947476
1989557661
2466080238
2497195135
1063812810
1993393358
1599299518
1960209072
1395148686
918691129
303755256
2076896030
2674050542
2853436275
1332877340
3558390942
2982513966
3159506410
3770191948
3587975967
2958018629
3836441103
2657149009
1699746300
1271862465
1383992344
978708253
2209926198
3097043534
2758660235
2207116260
853023714
453250600
2525712850
3350218850
1517063411
2371622560
654551072
1329788835
1619287599
1573242201
1633544091
1548699982
2099809097
2339496719
2881577323
1363232743
3174527037
1746116437
2985941044
2467535709
2556651418
2527414851
2977201070
2108914071
1651793668
2213709766
3087622324
1714236219
1015786004
3698798912
1773868831
1868809718
2004565864
2152098033
3071544921
1374145628
228753297
3726095993
2703934463
1848040897
3151854548
2189994907
1249257232
3104179997
2382007979
1983350907
2319929092
1261567720
1581983697
1010902840
1581619781
1991151467
1390834043
2411337203
1952581891
3042627712
2477563321
2892720568
2609380283
1345865677
2296552185
2235765466
3214675396
2153634401
2240379851
1991253021
3527780030
2469133149
1422381720
1936747198
2169690398
2426752620
1979258458
1271463982
1235965321
2213782789
1107331242
3555894413
1327866861
2689314939
2419313606
762002995
2532982759
1662664001
3173340198
2338081002
410324418
1355936224
3083317923
3019704701
2701801901
1084902812
3107986520
3768993649
1091053566
1053399075
1465279376
2471349949
1375048577
2887661096
2260613499
3544738976
1019446420
2092388309
2668719311
2255411741
2158687450
1628566906
1516338858
1339070664
2170398197
3935652464
2101073659
2555897308
1303349170
979446561
2746494664
1713673589
2335382785
3682328939
438410994
2889701039
2619748104
1398913867
2363727392
1563318022
2452312943
1681523120
1887184323
1679877872
2421700568
2000314174
929649553
1293663340
1945218836
1450885217
1401591433
1956422638
3079452123
2917930292
3295493302
954883024
2558615460
1101599665
1363296685
3861964631
2081046227
1962307701
1280670924
2268945364
3497152992
1719081919
3011162755
1821933800
3117995786
1079922853
3385251823
1275341434
613962325
977468850
2955219307
888179247
2977783026
1737385212
2181842587
2775518214
1040786781
1435950374
2584457205
4120238904
2206397018
1584983212
2927638281
2617528831
2686582878
2143451319
2184526167
472661809
1958275372
1317713443
2741607175
1160461069
3036795362
1457802634
2982394870
1859823854
2537725487
2072679397
3135165288
3151687814
902664601
1795417299
1892383413
1732963979
1385318865
1926742352
2360998545
2426105646
1215209078
650488454
2251377256
3421606097
2235471667
3031531889
1744167633
2774570898
880015912
1781210152
1099749059
2838291285
3098923595
1693872586
1851268706
1840751662
3151675222
2686179928
3700575516
3541917061
2611375679
2540773508
2398637579
3514040280
2188707161
2143537344
3099520611
3574026026
1922796050
1165551860
1705164376
3138005128
1816040315
3956541632
2264643930
1904028335
2693106226
1861327915
2531115585
1425638490
3642538067
1483380996
2116446127
2446494366
1029769936
1820231186
2139762381
4181445158
2358927467
3692854249
3428394923
2822819498
1938660463
1532065208
2041892482
1979883976
1528118904
846445797
3406426354
3450914954
2011997657
816623434
2293952788
1680554325
2625681420
2411113070
3584582660
1023820350
2124957338
1820730949
2449458841
1472528109
3304111946
270937673
1771538828
2186398234
2091168859
1763817562
2072876096
2302612679
3309188163
3353787372
830464881
3100364978
590885284
2872357364
2932765306
2119004189
3718803161
2044224364
1274951848
3583317172
2860847800
3568904636
968904201
1191561924
1685050411
258519566
2215382274
1662524101
2079250515
2517357467
987568562
1088395165
2788295141
611623742
1127309752
2731980353
2375441304
3200185848
2887109384
1389662173
2259005925
1570090619
2342543503
2849891209
147480687
980341515
673928103
3866283849
3024565879
1948879952
3154633725
1590446383
3370300940
4123537926
2782008307
760384055
2234573844
702423286
2422908156
2166340712
3219780754
1262993071
1107252230
1713108599
1874616813
2234561983
2297605305
2102574471
1139780535
3037231042
1344752996
1251302813
2459838013
1539812851
1953710375
2607318700
2520154366
2627638478
2178635254
1249752951
2429034782
1038301683
2840199334
1504368427
866872315
3474723995
2264752482
953962511
2029663633
2540176991
3120303224
3101960739
1655686414
2080071807
2667585692
3530303228
2167150142
670223701
1337910403
1159447029
1559971095
2682663399
2410749843
1872325461
4222476251
2216976571
2332160514
2447663322
2697131401
2363312120
1549932625
2978682537
1254130157
2242648312
2335567316
2121002472
1422405011
2452836151
3074964983
1304584996
2845529494
1900300912
2259062089
2353732261
1832889071
631680485
3736551842
4000039213
1301904186
779494949
3012002595
2861875282
1314674701
1127785142
2586717095
1242183656
3344761713
2771393962
1542363330
1746925820
2987222435
944812308
2578124709
2093868944
3187460621
618724729
2067387768
2462381984
3071560880
2994869104
3766966981
1622123080
600202720
1731061774
1828371693
2433091792
2362742259
1269956239
2138163709
3664646446
2049451189
855199009
2231554432
3364125890
1982984152
523304232
2458825898
1032778570
3294698195
1853705581
2779704390
1986953334
2798517889
3210345451
4080822279
1691011214
1681586533
1853242751
4153393199
2605663765
553144559
3625392885
2080303197
1153347281
1061487363
1761191243
1438955425
3424229623
3031147482
3577119135
2793908773
2933115023
2284834497
2877979557
2002273617
2120335001
1253800141
2313615868
3153113571
2401014688
2019837802
1637850666
2240484375
523388395
553228821
2026339358
2214399611
2234815354
1732098461
2072825514
2692995473
2285243022
1403251103
2625815022
3438590303
2464738467
92038970
2730062080
1594000794
3123186453
2012213919
2240425919
1761334181
2149564768
2970921828
3763607799
2122416122
2077238322
1782256371
3128046046
2330769363
3802094173
470929417
276286442
2177998922
1024158238
2302625801
2244914885
1111489946
1887240615
2170256751
1657001771
2024999989
3573507855
2135333145
3316106644
1743279026
2227372116
1751201429
1189796172
1055591274
1615931700
1282738443
2816925455
1618012822
2106176623
2285565958
1592945296
2035931297
1920338683
2573507694
2219217013
1427465560
896953463
2495503456
1457980834
1921111703
2650645610
1555412071
3032601649
2390402577
3725668823
2542119772
2267918919
3004209382
2529969269
3436541915
2600004760
2609857738
892776048
1642317284
3665449012
2508707749
2925055727
2187407172
1979236923
2883748703
2325489482
3572182220
2772196352
2098344517
1850722618
696446070
1378326431
2747676083
1044465879
2836307265
373820490
1547627841
2244235690
3406422139
1790546770
1674937217
1653574615
4058465689
384179304
2036060236
3200040309
2984184064
2498434327
1945332709
2479017701
1868916043
2306556810
3256589780
1908839567
2138310086
1845371187
2086845403
1415525010
322600244
2037706272
3266247629
1019046314
3416032703
1718956416
2063512193
1957372674
2092776906
3611140034
2054124716
1204231749
3254203157
1581578285
710322716
3017701550
1965757589
2746382953
1922774563
2802458006
949849984
1720623625
3133992059
671282381
1879696788
2095614543
2580121948
1870523227
1793502083
2519483703
3286048237
2116102327
2409706329
2257328570
3135148642
1530771736
1828801339
903693540
1340660762
1774094597
2367349927
3394785478
830842699
3474069437
681396468
1541165415
2196803691
2647154057
2140064721
1972094608
1154644767
942431058
1545234585
2141153178
1613713439
3424931373
2089284074
2046351740
1000487304
3882786157
2418351796
2139051894
1703921189
533090829
2248896817
2691586183
2063862566
1930214509
1447796075
3404523329
1556825458
1667662355
2504341512
2387668158
846764496
3185737980
1781349926
3043568188
1537924743
1773930999
2868179148
2692569510
2716362058
2265930086
538755394
2182591849
3543377811
2628039468
2081459942
2396381469
2215858330
2352328091
2387949715
3919779519
2885418920
2489362884
2316398406
2801797838
2272093745
1616710834
1911353872
3828919205
3284373190
2268211737
1921620067
4131137686
3306466069
3702969993
2879738578
549423516
3329417346
3600434079
3241993028
1750812108
3718880517
3780748422
3933403958
2967291033
2113820594
3867380253
3216188854
2182195276
1924741048
1309171274
1807007499
515192672
1651050510
1975922257
3316990511
1775660609
1445149444
3080860736
1309612518
2582038986
3201588825
1083748937
2418209376
2213087598
2639235283
1002980660
2762511116
1673685333
2455931091
1709536848
3424497441
1879844313
1195317974
3062934104
2699651698
3309138568
2635347061
1620873257
3343850197
2412604461
2930044531
855890400
780313485
2433611393
2831812658
4097303997
2061788354
2129478455
2883197437
3371400872
2564033793
1789818966
2307666162
2834759522
4002906565
2799417798
1690256534
2470450385
2325619483
1998703978
2032503585
1455149629
1731064643
3227821559
2370600086
2283232693
2241992831
2858463499
1756622302
1290875732
976100665
2539183185
2146766133
1756414150
2825310931
683611496
1558750852
2739615638
665606303
2294464641
1816049215
1082156448
1936799960
1976231730
3916915970
1644739230
2628165880
1312205209
4115189615
658818067
3310909187
1852725905
2113967696
747006534
785580168
2337084134
3030239228
3027573000
3048063986
491894234
2170965085
4024164651
3031077420
2170247571
1485611506
1561421055
2853859067
3044362359
2153553045
3519465370
1043859704
1822118613
306654522
2980659665
3798350343
2076086845
2477915247
2131548927
1240808406
2298137566
642883346
2404233946
2003379823
2756851044
1003756832
2788959992
2946451530
1886512412
1521565697
1699548221
2378406647
1545047134
1428745576
1114516771
1567811057
2914357083
2675937827
2274186476
1663752146
2682007224
1498684550
2707611851
209158542
1805339073
3540787868
1860025237
1733942270
1723735820
1844090517
827267029
1874389739
2486973864
1084017327
1730285915
3096341260
2087774161
2371762259
3895309143
1826802925
1745844308
1299890068
2057725925
1143407795
2728635646
1024759048
563735204
1348025433
1553213227
690438033
3011777580
2087736805
2189122583
1424422135
2296895347
1846978008
2817726356
2009436937
3580920279
2393978528
1706043806
2260703661
2120884620
2045534023
1197237340
1703686888
2994391635
1137527853
1927965499
2594733483
816847132
1526326161
3894623552
2874573057
522250308
2328291902
1751848458
1085985513
1528833688
3305061686
1776423546
2393127620
1097831195
3965546131
1670066107
3394726542
1517556843
192825167
1109196184
803509827
2586803697
2815239991
916729840
2560204669
2713290366
2113967181
2116407909
1412714707
1104011387
1896889761
1859964542
1920858519
3423215922
1459620798
2647947928
3945466231
1640429053
2252312739
736484448
3169262741
1262407130
2512907995
3414906713
2360238325
2183486830
2937489173
3607481220
3701043674
3130314340
2569193757
2357069853
1422150741
1089466452
1126316046
1834871763
3802756819
3240283228
1803796024
920504230
2196810967
1553202138
2780468772
1970185839
2828934412
2092605924
2470650119
2479433347
1585551329
2575479211
1068434148
2607330423
1690402693
3581342144
1727269840
1903157370
1469861678
369791717
3363154943
875938056
1352622410
1637381404
1085524263
627289504
2726847857
2211840309
2462161267
2234637380
1157156241
2118473645
1007657963
1206483560
1524192135
1640643087
1029185751
2205642900
3733249011
1352352224
2537592600
3171316693
3927831435
1458543100
1483679820
1323266833
2892401596
1063466012
1078940555
2214779627
1433257730
2294611851
943234036
2785880141
1784509607
2028758299
1265685997
2363873816
2093114960
1580363617
2451027549
3250271202
1551353614
1311201864
161787467
3075545749
2951844952
1190973219
3133705002
2390126668
2543325443
3523813955
1266476065
2176189583
2834873407
2750155886
1351972768
1432307709
1666138251
2430913323
1499603688
951912334
2578041527
2442837724
1590308827
2215067487
2324112376
708511176
283974008
2269743689
2288874793
2735001558
1225047596
1692744760
4046203422
1386835063
2620806862
2703081078
2577808282
3607028216
2945724099
826166430
2835874875
2064716517
3002356013
1375780988
2667388756
2206845133
2808088697
2186043359
2490274809
2160208737
990472045
2920832688
2455562814
2580780872
840932880
2632191542
3289292048
1124906889
606967936
3430683195
3859908447
1832015532
828460659
3611144573
3218850596
1301783873
2019258356
1501691582
2761328443
2817498808
2327858013
1302236022
2734731677
3182730378
2678017010
1107153137
3242091864
1191138411
1145712848
1437399378
1203863501
2136184894
2210748418
3659426316
2569482118
904197651
1996650562
1563806872
2029104540
2603618499
699522771
1594045691
2288150383
1527983430
3057706616
3359517331
2829767304
781997677
566241619
3443612099
3599496485
2894099632
450880826
2039260867
1781862715
3128897837
998930356
2876470931
2172552601
2144643205
2166386661
3376416102
2133344451
2229651433
2740875122
2555342923
3133849084
442558390
1971666147
867986329
3046176889
2671188918
2462032020
1039359977
2051688700
1224771341
2251393661
2733972356
2006769019
670151632
1882617160
3458781856
1416767617
2333497987
1203075427
3198630332
1167428528
2202005784
1780133968
3339981129
2199165341
3946520630
2421429937
2185026145
1881204767
867337763
2592885420
720086555
1309896153
2417067919
1588072884
2208589395
2940773189
1902621257
1100465725
2844978242
3127392599
1204375738
1283983302
2986677970
1874527371
1019116815
2150492530
3291294988
1205131154
1206084310
2194958024
2372559683
1260606446
1827608344
1417573516
3459771787
3626645327
1691519805
1349830636
1212882798
2558857570
1795232409
1932969355
1721270075
4212300328
3521042239
1782375823
2858106222
1128696201
2882841548
3555600816
2108605152
1939733639
2692100471
800315826
1666777362
1563733638
2950808356
2810588702
2768864793
2009409018
710579430
2993940828
1122531816
390704127
2264030697
2434819956
1869865807
1808066855
1637166945
3082748605
71957129
1284915707
2868234312
1793227205
1202248739
2094309257
1428119381
1912871314
3223005458
2163477281
1173504834
1036643315
1955727272
1718121658
1836959141
1475020986
3281855297
492800202
2138126040
3903236443
2502209221
701221822
2602209975
1477257390
1091925950
571273376
1764593699
814308109
2379340232
1254276996
1749573067
2451297361
2539192703
2470323732
2097040919
3741441443
2417149341
1377676652
1359345462
1345187503
1393670285
2532850296
2381830818
1201913910
2103488307
2071306312
2676934896
3237859957
2564106515
2667577289
2846129104
2918832088
1221315464
1153371783
2248605830
2313241414
1724645160
1865715881
980065876
1956501745
3119992878
2729638944
2260315458
1364218285
3052479028
2209872730
810692433
3322144722
3587549382
2170037895
372364929
2833736021
2555404544
2754195749
4035649931
2511409204
2678018413
2417617532
3601785513
3094641280
2937711173
2152947321
1718506072
2011542990
1158835456
1819628256
29817109
2883480616
1537860489
1009882986
2692498713
2510369720
1592038282
2805330525
1727104358
2497033662
720235959
2537796791
3671694736
2160301694
2560351039
1896576018
2846554067
2968271936
2503288119
2587236703
1184713844
886339236
709886939
2639015709
1833496869
1500114465
496995734
1404519294
1364173808
1655831190
1076663902
1393990917
2391828159
2614524392
2403873903
2936843225
829926817
1848428537
3594690102
2557031175
2197978551
2167442413
2947344319
1574705992
2180260460
1212728062
3471282011
2879330879
2033516350
1679602834
1171600286
3218230194
2565942071
1881487226
1562278607
2251955292
1234118044
2059274341
1508990939
2598291852
1567621884
2585654841
1844799121
1811966396
905211938
2101189377
2601325973
1735138755
1802134266
1901048780
2144686283
1852629170
1921007545
2944546954
3427335162
1953784358
2009791369
2603649877
2685631590
1895824072
2135769064
1709748229
2966570619
2554227488
3591235456
2381365579
511215484
2677869852
2293156273
2020206424
3128678056
1713294509
2458377618
2825993529
3525260905
3363589556
2779699258
1831619583
803761016
286866229
1585184715
2948447299
2139495399
1358708613
1598026958
1271863266
3312492972
1460334679
3875513144
1703157266
1208675103
3863798561
3412905495
2027762075
2123058753
2709173655
2261644007
486790589
3239559859
2407316632
2506997014
2073270619
1973127494
2817890985
604296853
3350904752
1886513245
3383996111
3035040687
2690274262
1523378692
325258107
1343754265
1515390444
1683966721
2941781223
2787253711
701492397
2254632255
2367799559
2404649663
3463307359
1936630824
1522587863
1196102138
1912205929
2084277871
3457746145
2398996519
1028870435
1570095482
2758509886
3102141055
1395739329
3428917223
1558954260
2599160433
1020463172
2795466725
1339233825
1563253787
2171361769
1664491932
2907008053
1539268566
1200975005
1553821981
2179038629
1902467402
1660970589
2399354541
2159633418
829310652
2188501717
3682221282
2025412791
1953223999
3619015505
3335675289
2204736870
2500402292
610803475
2815763108
3455059700
2006542804
1949713035
2866530313
2458219590
822692560
3514513390
1649969768
2385946347
1390907864
1166978052
997987105
2930176431
2367953059
2551809087
2961731412
2122936813
2065296028
3213602305
2135086584
747123032
3254620375
1522340570
2772535823
912877078
846388780
1813243817
970130300
1199307424
2424047293
1638409761
2506883477
2283106450
3588122796
3225930143
2593842393
115848060
2445476237
2096328513
2501794409
1688900453
1115822917
1352297866
324109588
1336292328
1756623305
1138357353
1311745495
1674435685
2204476010
3446832079
2421558717
3311612737
674205354
3046610894
2077006167
1520594134
564887415
3047136468
2719901558
2988934708
2538062581
931817740
977073863
1831218081
2010264235
1423432608
1947066143
2308256824
3519761121
2301376904
1849673631
2488100391
1506191122
2173783219
1676909072
3262814428
1164656925
2988654567
2789766465
1221649288
2140519350
916357887
238294730
667241056
3962968781
2315300898
2187835190
232888900
3214953718
2760253102
3221823610
1458049004
1544587194
2051413825
1141783438
1407367782
3474846434
941365933
1568140958
2699640259
1095259189
3417814589
3040257002
2601450311
1296630514
2569682427
1569297443
2461287439
1263369698
2211580261
3682936727
3403889050
980454501
3921231458
1923646458
648455986
1941565061
1963998002
881344887
861551483
2576767456
1955684849
2319600488
1973871002
1859615026
3461383927
3381238784
1039494164
2255266212
654412447
1591650776
1203041754
1924743389
2484424131
1657008417
1073890255
759139262
1078822214
1387694047
2022508962
1142918827
2923147126
1131430716
2123373328
2549411289
907593526
2771829315
2343492702
2871591528
1505690554
1057560538
1153391688
1313891756
3377161026
979779043
3173506782
2543577657
2213534179
2065517300
2651360222
2867946627
1509684428
1706918328
2645206369
1846624911
1216443098
1571612976
2605764175
2295265312
811823375
2480789489
1290700492
1587486854
1464736557
3414073820
1989414495
2372330083
1890935839
2185423550
948954317
3396626393
1095500441
2102346005
415550853
177694171
3082125049
3589057637
2721271830
3148175581
3507091289
1077664756
1721154912
2869292069
2784583085
2218877633
2568433333
4001026183
1643006962
879230212
2001324200
2454830337
1212536053
1144541044
1894833544
529788962
2411131216
1736764392
2902119046
2154583408
3922187943
3851073363
1256242505
2870204736
1658452073
1671793360
900415259
445609827
965883701
1474203441
1446301760
2325491342
2551868198
3167456673
3047299763
3188967635
1091367011
1320765800
2895026523
2734373974
2199996013
2748867075
894237015
3412532066
1745924471
2789070560
1794837381
2009572039
2378351305
2549472780
2016671799
2005571952
2105578847
1125430657
2728293040
3764030920
649740369
1481224651
4209640747
1615624070
807944446
1360975212
1793631764
3359812644
2380948238
2693447880
2253812984
1324831601
1866730032
853872211
1911721927
1919242398
1455255638
658475295
3184290817
3201180109
3447545855
2831644551
3063268500
1530929864
3233633683
2932456652
3536501816
1044245234
1910403661
1969827560
513308859
412660383
3451052213
427982311
2028284453
2111513011
1788957523
1674432570
3323842007
2022422113
2220396802
1282687695
3347253715
1939643186
2136559906
3111491994
1711401937
3591815544
3769967290
600725459
2498028357
2922545850
1284886362
1266329562
2305992067
2371036397
2051302566
1547526588
1267797983
1814222579
1369870501
1781106842
2226882962
525955418
2209089154
2107683768
489984781
1850563030
1634632690
3813826788
1725501496
1707545844
801547188
777787916
1499705382
2938107094
1741796262
3211107320
2234955343
1216796257
1664349131
2585500052
1991858460
801751845
3851829614
2150366879
1025304594
1608164884
1550409819
2293102577
1274903816
2920280321
1926725773
3501786778
3446235739
1988331279
3461986898
3936220521
1691410661
2949135940
3455080014
1269428510
2509198136
2109143555
2047216426
1861419872
2899767001
3789012689
777559896
2987238697
2858325299
2441909028
3425255102
2702700111
3243660873
2982117421
2705583342
2121481820
2442798658
2108509514
2267100749
1570218826
2881306188
2046342874
2924521958
2032574631
1887190506
2091541560
3821311505
1431117520
2893193854
2981424224
2700546030
1107424694
2943084131
2600278809
2968844566
3695367484
2094324203
1598920815
2387638886
2805165854
1893346195
1517926693
1212898669
842039772
2352560466
1770998363
2963521592
2647875476
1732024229
3083138695
2070610656
2465846769
834514273
2847648966
2350937754
2721704780
644223230
1877281963
2005338653
3537417084
563738891
2558401035
2497358132
1359339374
863712549
3318719050
759739563
2958036752
2770156218
999894801
1468235310
2516018765
2517821494
2681133979
3358058539
2722898313
2304648695
2026612835
3223290142
1889189276
814784234
3146417150
2207552399
1649298509
1699098820
2411006505
2223519641
2343322051
2140804820
2081374646
1585771840
2704543712
2492292034
1935646324
1916399438
1208520936
3106881727
2676139001
2019074040
3729554297
3676033804
1339825703
1950605768
1898888002
1873476034
3161180659
2474302668
2030641081
892826198
3550109163
1772346710
1707610434
2401559017
1832415461
1209425295
1953174190
2095938318
3432944936
2149012593
2089259490
1219352287
1587300785
2646319554
1564160673
1375463462
2415235345
2772681609
2334861542
2943890699
2644272002
1769448543
2324957207
1836614057
3720054311
2076361562
1562606443
2586267674
2403180583
3593247525
3479093874
1658322450
1070626939
891737012
1912397819
2903042401
2101162307
1718088361
2851497071
1239139947
1719617306
2793272914
2458492234
1159434445
3292108821
1875169259
2534897907
1412376871
2500367221
574792153
61300274
2997155575
2344240697
2386257482
538802336
1769327713
2315135396
2101408779
2208111740
2570832331
1399689008
1392238318
2081671133
2470315948
2283975330
1846585305
1078391053
2237653989
1417190018
3929888124
1329310289
989323677
2428193743
1640318875
2148758122
1425335269
1368004487
2536172382
2837712140
3868371708
3110964535
2899012414
2570559988
3307721584
3137786248
961878676
2929565650
3305437996
3063287457
2990193743
1581303032
2315492817
2234948413
3662974165
490841470
2371440096
1214592174
1569232523
2461610437
2631782193
1204153353
1643437078
1473622223
3632347096
3283755954
1474896697
2910198717
2504276793
1863585431
1452943561
2077681206
679582671
56988679
2500757546
3987304255
3194774928
1315152576
2621902610
2205245629
2230956385
1317129057
1639065014
2398965554
3552077470
3154555531
2889807025
3776033918
2221664059
2311555901
1942677060
2705962604
3515709254
3586114138
2032101179
2853089055
2574902796
3506997877
1468320476
784212294
1075616012
2921264038
2861893501
1755198683
2978252717
1067683751
1447535643
1878060350
2382836327
1921954605
1935822332
2466309064
1091600015
1427403698
2717790972
348710190
286991933
1312630701
4124744109
2508655992
3624186602
1772453873
3067134949
2844928561
3211084365
804268832
3550533968
1491019865
2163783061
2871370796
127748512
1091915426
1497667538
2989642013
2847114109
2328436609
4057325765
2147166105
2059013311
2145194797
1921637063
3994835643
2464020214
3013237079
1127272045
3034327538
3361947269
1414263979
2199474591
3191724082
1775436324
1528693899
2816694309
2695087625
2226138812
1732811378
3499356459
1481705485
3223831243
1368172224
2205592633
1204096108
2460087651
3703260173
2046254473
3159718113
1736729486
1808612943
3159400570
3795742797
1806324093
2933553986
3495611145
2122860659
1651823769
2475399542
3009704550
718803743
1742179873
914211845
1763044177
3517616198
295422096
2432254838
1917736528
2521560909
2017582568
3269609339
1855782746
3093930165
2490297916
1913891732
2150542625
655418271
3469668257
2049313451
1667652737
3058914095
1710442747
2679569660
2559689597
1369283192
3465639998
1760333446
3492143851
822496472
